100063
100125
100364
100387
100474
100488
100517
100649
100663
100730
100750
100816
100956
101419
101487
101532
101628
101901
101919
102014
102063
102099
102355
102530
102544
102746
102761
102891
102892
103696
103884
103921
104017
104061
104130
104288
104315
104341
104542
104599
104631
104717
104879
104934
104961
105007
105546
105554
105568
105684
105725
105922
106082
106180
106311
106336
106556
106570
106630
106654
106899
106983
107018
107063
107068
107207
107215
107233
107343
107924
107947
108033
108035
108087
108115
108125
108143
108175
108219
108766
108873
108899
108949
109019
109166
109376
109391
109466
109650
109715
109743
109881
110021
110040
110137
110138
110364
110365
110508
110511
110749
110879
111051
111053
111073
111107
111215
111222
111322
111342
111367
111628
111727
111771
111865
111942
111977
112018
112076
112113
112125
112199
112226
112258
112274
112308
112497
112756
112930
113165
113255
113261
113316
113404
113740
113751
113954
113965
114065
114113
114116
114268
114314
114346
114374
114390
114428
114482
114941
115050
115088
115302
115349
115375
115383
115398
115422
115515
115557
115572
115602
115672
115702
115766
115854
115877
115932
116064
116080
116151
116193
116244
116288
116385
116523
116565
116599
116616
116648
116924
117005
117098
117147
117158
117182
117222
117332
117433
117510
117572
117936
117958
118431
118476
118551
118619
118656
118681
118743
118770
118836
118966
118988
119122
119239
119331
119353
119407
119460
119516
119563
119745
119816
119820
119862
119914
120072
120200
120219
120768
120799
120863
120904
121110
121221
121529
121562
121702
121794
121999
122074
122091
122231
122435
122469
122500
122650
122810
122893
122896
122924
123038
123080
123109
123115
123400
123550
123576
123721
123775
123875
123876
123912
123923
123973
124078
124169
124312
124326
124400
124434
124552
124653
124770
124803
124947
125211
125224
125634
125706
125707
126146
126279
126327
126502
126556
126596
126628
126841
126888
126994
127054
127077
127103
127214
127438
127458
127661
127739
127751
127812
127850
127851
127882
127888
127980
127999
128025
128169
128251
128285
128358
128373
128430
128657
128717
128737
128748
128831
128860
129176
129198
129328
129490
129524
129952
129985
130134
130161
130382
130423
130448
130729
130976
131138
131140
131161
131286
131437
131561
131572
131716
131910
131973
132124
132220
132354
132380
132425
132493
132518
132532
132667
133097
133368
133387
133403
133405
133411
133505
133543
133578
133692
133866
134057
134073
134265
134377
134444
134461
134482
134944
134958
135216
135284
135389
135390
135451
135506
135920
136039
136201
136203
136231
136285
136286
136350
136376
136487
136532
136540
136545
136724
136799
137015
137092
137133
137303
137349
137480
137506
137728
137758
137941
137966
137978
138009
138173
138342
138350
138546
138768
138824
138881
139057
139110
139131
139397
139471
139493
139505
139515
139532
139540
139708
139723
139797
139809
139820
140299
140304
140373
140591
140632
140714
140739
140797
140978
141133
141141
141214
141229
141271
141274
141330
141373
141504
141578
141599
141716
141747
141982
142019
142109
142113
142231
142246
142287
142406
142589
142637
142755
142771
142869
142907
142989
143020
143034
143074
143123
143147
143386
143405
143455
143666
143673
143734
143748
143812
143849
143850
143879
144015
144051
144061
144103
144237
144254
144262
144315
144520
144604
144618
144826
144946
144950
144953
145099
145144
145305
145315
145317
145360
145378
145487
145579
145594
145596
145603
145626
145643
145723
145761
145794
145863
145943
145982
145986
146153
146304
146542
146698
146772
146788
147168
147185
147224
147357
147381
147514
147710
147788
148040
148116
148122
148159
148188
148189
148262
148367
148390
148439
148527
148621
148759
148837
148885
148890
148952
148957
148990
148999
149171
149210
149219
149222
149256
149262
149435
149535
149538
149577
149889
149922
149974
150135
150178
150260
150339
150529
150599
150617
150638
150733
150917
151071
151161
151271
151365
151416
151447
151459
151507
151597
151632
151634
151803
151880
151884
152053
152099
152161
152280
152437
152455
152504
152526
152595
152714
152761
152846
152979
153174
153402
153434
153508
153529
153679
153683
153765
153809
153933
154073
154222
154455
154463
154464
154544
154562
154732
154891
154938
154993
155283
155336
155344
155370
155666
155739
155930
156065
156166
156250
156253
156308
156561
156702
156708
156811
156857
157034
157520
157581
157598
157839
158021
158098
158150
158203
158399
158459
158480
158539
158719
158800
158857
158884
158973
159152
159214
159240
159310
159466
159563
159898
159922
159974
160116
160217
160272
160293
160345
160358
160399
160474
160519
160523
160539
160595
160659
160698
160794
161025
161360
161367
161383
161692
161741
161768
161834
161899
161965
161969
162023
162029
162944
162945
162971
163064
163069
163087
163105
163180
163363
163551
164044
164210
164452
164500
164520
164707
164960
165055
165065
165067
165075
165182
165222
165323
165495
165615
165632
166029
166426
166537
166571
166602
166645
166794
166900
166933
166986
167030
167111
167204
167390
167715
167971
168018
168182
168203
168247
168364
168515
168533
168556
168590
168611
168671
168867
168971
169047
169066
169090
169243
169261
169285
169320
169352
169449
169467
169600
169639
169654
169733
169816
169852
169857
169882
169900
170029
170046
170067
170080
170137
170332
170365
170390
170423
170490
170543
170634
170665
170856
171007
171099
171211
171462
171463
171515
171574
171625
171791
171825
171841
171855
171858
171957
172047
172143
172153
172162
172163
172212
172459
172466
172634
172814
172852
172932
172940
173060
173290
173586
173631
173636
173698
173803
173938
173953
174150
174157
174296
174393
174453
174507
174612
174618
174799
174800
174920
174930
175466
175612
175720
175847
175894
175910
175929
176018
176198
176215
176291
176399
176473
176578
176643
176847
176891
176906
176939
176999
177002
177214
177268
177336
177413
177440
177567
177686
177791
177865
177915
177950
178140
178244
178343
178445
178805
178812
178918
178930
179142
179194
179402
179472
179490
179633
179705
179844
179921
180091
180116
180201
180293
180345
180347
180348
180352
180691
180878
181011
181038
181181
181206
181211
181366
181380
181413
181427
181613
181772
181800
181839
181841
181844
181895
181897
182098
182208
182215
182271
182297
182415
182448
182705
182730
182815
182851
183011
183027
183072
183254
183264
183310
183338
183658
183745
183876
184017
184023
184057
184068
184149
184240
184282
184306
184309
184397
184413
184414
184466
184870
184950
185258
185310
185383
185405
185492
185563
185603
185652
185880
185986
186081
186326
186350
186445
186499
186694
186849
186878
187347
187366
187437
187446
187455
187493
187504
187551
187595
187727
187993
188004
188110
188242
188298
188316
188442
188451
188463
188494
188572
188573
188621
188740
188799
188824
188982
189137
189153
189173
189324
189348
189497
189556
189692
189889
189908
189942
189945
189994
190008
190186
190477
190587
190626
190682
190866
190876
190947
191135
191311
191407
191433
191485
191525
191654
191669
191673
191818
191822
191922
192044
192157
192247
192293
192299
192357
192538
192544
192603
192868
192940
193019
193185
193188
193320
193336
193400
193404
193527
193568
193756
193767
193796
193876
193932
194021
194044
194085
194090
194162
194177
194179
194252
194269
194304
194412
194605
194663
194747
194786
194961
194998
195060
195160
195227
195410
195663
195676
195678
195734
195752
195777
195930
196104
196406
196457
196523
196615
196700
196817
196905
197306
197325
197336
197414
197418
197491
197495
197509
197662
197719
197816
197818
197846
197860
197878
198049
198114
198193
198218
198268
198342
198399
198406
198471
198543
198575
198782
199073
199206
199220
199362
199365
199468
199580
200092
200215
200288
200385
200455
200481
200532
200542
200567
200831
200961
201086
201241
201268
201328
201333
201478
201530
201600
201624
201787
201886
201919
202105
202130
202174
202245
202289
202368
202376
202392
202503
202815
202888
202914
203007
203071
203075
203235
203257
203360
203368
203516
203517
203629
203632
204103
204114
204137
204283
204417
204459
204505
204527
204781
204917
205183
205236
205312
205369
205410
205592
205735
205755
205771
205914
205951
205954
205959
205996
206029
206161
206297
206322
206359
206610
206787
206881
206939
206966
206992
207001
207158
207162
207368
207375
207611
207729
207791
207796
207996
208010
208061
208088
208203
208315
208493
208712
208735
208807
208837
209007
209038
209079
209121
209125
209185
209368
209459
209624
209645
209668
209682
209701
209707
209730
209787
209856
209933
210162
210224
210240
210244
210575
210596
210692
210755
210854
210855
210880
210886
210919
210979
210981
211021
211103
211181
211190
211361
211672
211923
211924
211937
212014
212166
212361
212448
212491
212527
212795
212803
213093
213334
213389
213412
213656
213661
213726
213748
213809
214167
214225
214286
214441
214578
214662
214745
214813
214826
214874
215011
215082
215211
215258
215269
215546
215574
215582
215596
215852
215900
215978
216031
216128
216151
216161
216437
216550
216559
216625
216747
216806
216815
216829
216942
217000
217019
217048
217178
217265
217287
217392
217429
217478
217612
217633
217838
217981
218082
218105
218110
218388
218391
218428
218434
218439
218486
218547
218586
218635
218755
218881
219099
219127
219231
219352
219429
219572
219644
219663
219862
219980
220051
220202
220413
220547
220613
220672
220676
220909
220974
220999
221019
221050
221220
221417
221472
221666
221780
221836
221982
222199
222208
222272
222274
222391
222410
222494
222505
222630
222703
222724
223013
223200
223208
223250
223288
223317
223361
223666
223676
223734
223852
223913
223916
224454
224729
224909
224941
225010
225039
225139
225151
225163
225448
225503
225518
225605
225625
225658
225781
225822
225850
225901
225961
226095
226209
226320
226450
226517
226547
226613
226680
226956
227261
227309
227322
227326
227347
227537
227592
227626
227633
227689
227708
227760
228025
228072
228248
228305
228429
228608
228688
228797
228877
228987
229091
229096
229106
229402
229403
229422
229554
229556
229644
229738
229775
229872
229919
230074
230081
230123
230126
230130
230176
230310
230330
230472
230498
230608
230661
230693
230704
230814
230856
230909
231068
231120
231446
231495
231587
231716
231733
231752
231790
231832
231942
232028
232130
232392
232505
232685
232752
232841
232848
232899
233199
233222
233312
233557
233671
233786
233794
233978
234022
234054
234088
234206
234279
234352
234365
234417
234482
234574
234580
234688
234696
234750
234772
234817
234844
234902
234934
234954
235183
235211
235292
235307
235320
235334
235350
235352
235517
235518
235614
235689
235840
235891
236174
236186
236500
236652
236916
237049
237077
237135
237285
237325
237571
237667
237773
237911
238096
238103
238114
238138
238140
238161
238257
238310
238343
238384
238418
238429
238446
238526
238574
238629
238641
238765
238828
238893
238905
238906
239050
239249
239405
239408
239505
239538
239692
239867
239874
240023
240042
240444
240692
240866
240963
240997
241178
241373
241419
241991
242122
242532
242644
242680
242792
242954
243056
243104
243114
243159
243412
243658
243675
243684
243698
243790
243847
243875
244544
244685
244788
244825
244879
244995
245013
245191
245200
245224
245286
245318
245380
245483
245500
245552
245589
245819
246112
246127
246235
246259
246480
246703
246705
246711
246775
246808
246816
246860
246874
246895
246909
246977
247030
247039
247167
247190
247283
247476
247644
247925
247984
248012
248081
248117
248127
248200
248601
248646
248884
248947
248971
249029
249034
249079
249149
249170
249248
249330
249336
249437
249729
249761
249772
249812
249833
249853
249904
249983
250293
250381
250459
250501
250554
250573
250638
250684
250823
250853
250857
250969
251002
251096
251282
251334
251426
251441
251581
251661
251674
251780
252040
252049
252116
252200
252220
252850
252891
252913
252949
253162
253292
253321
253631
253789
253826
253833
253848
253928
253975
254186
254282
254546
254603
254766
254786
254858
254867
254982
254993
255115
255166
255230
255362
255572
255697
255765
255796
255824
255860
256257
256274
256283
256345
256377
256403
256502
256738
257150
257278
257373
257378
257427
257538
257633
257926
257991
258257
258317
258323
258357
258362
258458
258467
258479
258499
258617
258620
258629
258654
258733
258738
258873
259023
259031
259233
259366
259782
259945
260037
260092
260121
260214
260310
260556
260612
260619
260760
260813
260825
260895
260907
260949
261018
261025
261056
261450
261568
261671
261679
261878
261947
261955
261964
261974
262012
262278
262285
262322
262323
262470
262598
262764
262844
262870
262970
263089
263146
263209
263248
263301
263452
263548
263555
263634
263642
263880
263899
263915
263928
263953
264009
264039
264275
264350
264411
264797
264902
264904
264971
264986
265009
265064
265214
265440
265476
265745
265871
266087
266158
266261
266287
266403
266420
266461
266523
266591
266707
266848
266873
266878
266913
266921
266972
266991
267152
267430
267449
267583
267669
267684
268015
268089
268242
268409
268507
268524
268620
268667
268675
268822
268909
269012
269044
269084
269121
269223
269289
269311
269417
269437
269587
269671
269722
269738
269842
270103
270141
270324
270441
270548
270594
270598
270828
270876
270929
270957
270966
271070
271181
271191
271214
271226
271286
271423
271531
271542
271555
271570
271655
271674
271685
271876
271933
271969
272067
272104
272256
272292
272322
272338
272449
272512
272531
272609
272628
272730
272743
272757
272973
273231
273280
273354
273367
273403
273444
273556
273633
273656
273723
273761
273868
273931
273948
273951
274035
274235
274399
274418
274457
274522
274669
274792
274892
275109
275177
275214
275422
275505
275520
275541
275595
275637
275793
275800
275933
275999
276023
276136
276184
276303
276462
276523
276705
276827
276830
276945
277046
277211
277250
277489
277555
277607
277641
277759
277762
277894
277972
278014
278197
278236
278263
278452
278667
278843
278851
278861
278931
279141
279185
279579
279652
279688
279862
279905
279919
280066
280142
280293
280389
280395
280510
280553
280568
280754
280798
280879
280897
281183
281251
281481
281485
281486
281496
281779
281989
281991
282010
282204
282314
282362
282457
282513
282541
282556
282641
282652
282720
282735
282843
282865
282884
282914
282917
282940
282961
282968
283263
283342
283360
283429
283505
283517
283641
283733
283734
283837
284105
284284
284464
284572
284711
284873
285061
285082
285289
285459
285605
285715
285849
285999
286019
286027
286059
286099
286113
286233
286300
286315
286388
286610
286615
286686
286791
286843
286916
286947
287059
287311
287313
287361
287526
287659
287665
287753
287778
287873
287986
288097
288170
288210
288428
288473
288484
288515
288588
288715
288840
288884
288898
288964
289180
289288
289404
289463
289483
289505
289584
289695
289778
289821
289847
289915
289976
290081
290095
290528
290602
290926
291075
291110
291184
291223
291654
291676
291725
291746
291748
291779
291822
291845
291865
291869
291872
291899
291925
291990
292055
292141
292180
292231
292268
292297
292310
292330
292554
292829
292840
292916
292947
292965
293021
293074
293107
293142
293222
293272
293444
293487
293493
293655
293750
293852
293900
293921
293997
294076
294132
294227
294317
294374
294519
294668
294724
294756
294757
294858
294896
294974
294985
295100
295202
295247
295302
295307
295471
295663
295689
295701
295753
295754
295915
295917
296132
296162
296458
296516
296669
296672
296677
296974
297140
297194
297203
297245
297392
297421
297465
297486
297561
297593
297669
297724
297782
297988
298000
298045
298052
298219
298244
298328
298401
298447
298456
298564
298613
298664
298720
298913
298986
299120
299136
299154
299162
299177
299287
299386
299438
299442
299576
299721
299748
299797
299828
299851
299873
299893
300145
300332
300338
300352
300425
300444
300565
300618
300665
300670
300719
300723
300877
300993
301000
301045
301109
301221
301344
301450
301476
301571
301581
301587
301625
301681
301764
301853
302186
302415
302471
302661
303010
303032
303275
303428
303457
303595
303638
303726
303905
303951
304267
304349
304440
304545
304718
304812
305019
305168
305254
305428
305444
305502
305506
305611
305629
305694
305714
305747
305762
305876
305897
306356
306474
306484
306523
306543
306545
306626
306729
306777
306976
307026
307079
307081
307278
307306
307355
307420
307484
307675
307682
307775
307828
307870
308072
308374
308429
308532
308687
308783
308790
308863
309033
309097
309131
309255
309345
309366
309520
309583
309606
309638
309822
310071
310080
310264
310380
310414
310662
310667
311065
311299
311347
311396
311457
311572
311608
311714
311767
311832
311896
311949
312062
312129
312258
312353
312357
312427
312477
312591
312788
312837
312918
313026
313040
313072
313145
313297
313300
313348
313430
313467
313604
313936
314063
314300
314350
314524
314567
314594
314727
314892
315046
315352
315561
315583
315874
315889
315974
316092
316585
316879
317043
317078
317136
317216
317237
317294
317326
317344
317385
317422
317498
317617
317643
317733
317818
317819
317896
317913
317943
317945
317949
318116
318512
318523
318524
318541
318592
318644
318670
318772
318927
319024
319154
319271
319299
319331
319450
319743
319751
319903
319925
319969
320000
320150
320242
320355
320378
320479
320553
320603
320608
320822
320829
320955
321006
321009
321034
321109
321212
321295
321335
321449
321488
321824
321897
321966
322091
322148
322167
322224
322232
322307
322352
322464
322485
322486
322518
322532
322585
322744
322864
323048
323089
323093
323121
323140
323167
323238
323264
323361
323436
323700
323935
324010
324029
324078
324151
324399
324413
324476
324627
324768
324779
324900
325012
325091
325468
325479
325635
325642
325651
325711
325806
326054
326108
326200
326310
326371
326463
326487
326530
326550
326683
326758
326812
326830
326958
326963
326968
327030
327280
327335
327395
327604
327624
327727
327775
327876
327895
327906
328056
328072
328131
328157
328318
328391
328428
328444
328607
328701
328817
329024
329129
329221
329411
329603
329614
329805
329850
329877
330328
330371
330426
330595
330633
330755
330781
330802
330808
330957
331028
331115
331165
331289
331311
331340
331345
331387
331491
331496
331609
331689
331838
331915
331939
331971
331989
332089
332220
332315
332361
332625
332772
332901
332939
333044
333080
333081
333255
333284
333441
333539
333600
333659
333671
333746
333759
333775
333904
333977
334015
334016
334044
334109
334113
334194
334279
334348
334467
334533
334541
334666
334758
334789
334882
334959
335079
335504
335811
336063
336121
336266
336431
336451
336572
336582
336786
336846
336876
337221
337364
337645
337700
337736
337873
337989
338536
338636
338726
338794
338846
338911
339210
339216
339259
339355
339387
339405
339501
339803
339833
339923
339937
340137
340369
340407
340412
340523
340703
340723
340726
340752
340791
340841
340863
340922
341122
341320
341456
341465
341470
341743
341747
341778
341912
341981
342155
342171
342270
342316
342320
342443
342524
342600
342636
342638
342677
342839
342885
342939
343020
343102
343148
343402
343465
343759
343852
344019
344196
344272
344371
344417
344418
344434
344489
344503
344584
344980
344992
345025
345029
345081
345391
345400
345578
345615
345958
346364
346589
346743
346875
346940
347009
347101
347219
347233
347262
347269
347275
347442
347535
347636
347663
347670
347683
347723
347746
347761
347809
347847
347934
347935
347978
348065
348097
348126
348468
348636
348672
348683
348743
348745
348786
348859
348960
348978
349025
349224
349231
349289
349316
349400
349672
349702
349733
349894
350023
350107
350233
350415
350428
350645
350668
350696
350915
351037
351095
351393
351487
351546
351602
351740
351753
351771
351814
351847
351886
352192
352263
352406
352514
352684
352723
352744
352830
352840
352904
353156
353157
353509
353830
353865
353974
354070
354171
354191
354196
354238
354365
354463
354534
354558
354653
354799
355046
355148
355205
355293
355318
355430
355492
355577
355750
355784
355803
355987
356077
356190
356382
356483
356489
356626
356728
356803
356836
356893
356984
357149
357290
357350
357365
357402
357490
357587
357647
357720
357725
357779
358016
358035
358064
358118
358120
358353
358431
358478
358556
358589
358651
358653
358860
358893
358982
359072
359117
359161
359179
359375
359502
359505
359533
359769
359914
360151
360247
360315
360453
360596
360614
360636
360657
360855
360924
360942
361113
361251
361282
361772
362076
362289
362339
362351
362395
362478
362823
362872
362921
363201
363281
363289
363300
363438
363486
363590
363602
363629
363658
363671
363829
363908
363917
364034
364104
364184
364274
364330
364366
364389
364553
364897
364939
365067
365109
365247
365260
365299
365349
365653
365689
365759
365791
365822
365851
365885
366002
366026
366038
366082
366146
366327
366350
366449
366454
366493
366507
366628
366629
366631
366693
366786
366806
366852
366945
367004
367127
367151
367176
367285
367473
367539
367672
367686
367721
367797
367804
367869
367892
367894
367928
368094
368117
368199
368238
368484
368503
368586
368716
368918
368946
369142
369247
369267
369472
369642
369645
369764
369775
369990
369994
370064
370312
370324
370335
370344
370366
370422
370535
370595
370684
370717
370747
371048
371065
371083
371135
371197
371284
371289
371317
371394
371463
371607
371648
371687
371857
372145
372147
372161
372259
372313
372619
372620
372708
372732
372766
372786
372832
373002
373356
373604
373612
373647
373660
373962
374025
374042
374046
374084
374420
374594
374663
374682
374982
375016
375054
375233
375433
375732
375758
376141
376295
376365
376502
376528
376697
376899
376906
376927
377082
377152
377155
377448
377481
377601
377768
377843
377863
378144
378149
378349
378378
378426
378522
378529
378567
378589
378715
378762
378792
378842
378865
378946
378956
378976
379021
379077
379090
379168
379305
379330
379418
379440
379532
379640
379802
379825
379848
379861
379928
380146
380200
380230
380680
380775
380814
380864
381109
381117
381185
381505
381524
381610
381624
381717
381787
381866
381948
382066
382188
382220
382278
382300
382439
382598
382649
382693
382837
382839
383000
383079
383093
383654
384004
384058
384072
384189
384349
384351
384676
384785
384824
384835
384907
384953
384983
385006
385081
385082
385129
385199
385397
385573
385652
385697
385716
385824
385879
385889
386251
386301
386381
386435
386487
386497
386552
386613
386754
386825
386877
386907
386927
387175
387333
387341
387369
387397
387450
387581
387616
387711
387748
387878
388083
388166
388208
388231
388430
388439
388450
388529
388530
388541
388613
388637
388720
388752
388833
388926
389190
389260
389300
389343
389383
389402
389408
389450
389466
389634
389718
389722
389743
389784
389865
389920
390003
390252
390326
390390
390647
390786
390820
390925
391001
391155
391159
391230
391264
391305
391371
391460
391589
391684
391697
391733
391867
392065
392070
392096
392119
392393
392545
392622
392702
392735
392780
392832
392854
392857
393020
393037
393086
393166
393305
393458
393544
393707
393774
393789
393832
393866
393926
393928
394001
394069
394137
394164
394385
394428
394434
394442
394470
394610
394678
394761
394886
394902
395001
395198
395333
395361
395451
395507
395547
395573
395590
395948
395968
396013
396142
396187
396192
396201
396667
396772
396823
396838
396917
397233
397245
397311
397361
397511
397632
397676
397944
398162
398414
398428
398440
398525
398528
398577
398579
398603
398624
398645
399053
399096
399176
399315
399388
399457
399523
399605
399651
399747
399795
399837
399839
399985
400013
400273
400372
400497
400545
400549
400705
400726
400778
400797
400845
400914
400950
401055
401133
401194
401234
401323
401348
401406
401427
401466
401509
401514
401627
401689
401847
402040
402061
402092
402124
402207
402245
402267
402269
402338
402576
402622
402853
403058
403061
403157
403210
403282
403531
403720
403755
403761
403883
404057
404088
404143
404290
404370
404395
404396
404463
404667
404722
404748
404792
404857
404919
405489
405511
405546
405702
405734
406149
406284
406314
406598
406842
406929
406933
406976
407003
407194
407197
407205
407340
407447
407602
407655
407887
408094
408165
408186
408266
408497
408525
408545
408591
408690
408954
408976
409150
409335
409515
409669
409787
409793
409839
410021
410143
410164
410402
410458
410596
410700
410702
410777
410842
410856
410859
410893
410899
410921
411015
411017
411111
411171
411308
411403
411456
411459
411483
411484
411503
411657
411795
411828
411839
411850
412060
412150
412281
412418
412425
412625
412689
412785
412788
412877
412971
413027
413142
413306
413418
413471
413535
413589
413643
413691
413727
413753
413762
413765
413791
413885
413908
413940
414185
414202
414216
414252
414274
414548
414704
414895
414907
414973
415287
415374
415556
415607
415701
415940
416009
416085
416108
416394
416490
416495
416521
416532
416557
416579
416758
416762
416851
417197
417323
417551
417676
417735
417891
418211
418221
418315
418385
418401
418419
418544
418640
418876
418947
419005
419030
419407
419474
419600
419604
419683
419866
419879
419925
419934
420140
420493
420566
420627
420758
420799
420841
420862
420881
420928
421058
421061
421173
421210
421279
421353
421472
421527
421599
421646
421700
421755
421865
421900
422005
422028
422044
422079
422167
422398
422433
422511
422586
422712
422961
423040
423074
423160
423295
423357
423670
423688
423749
423759
423836
423944
424228
424471
424537
424589
424609
425120
425168
425207
425294
425318
425457
425514
425629
425640
425658
425661
425768
425875
425935
426052
426068
426094
426289
426341
426388
426757
426803
426927
426995
427003
427071
427260
427265
427395
427425
427440
427503
427541
427786
427831
427924
428005
428088
428314
428330
428531
428586
428596
428646
428770
428869
428948
429085
429141
429253
429525
429599
429796
430026
430071
430080
430099
430106
430126
430292
430324
430452
430506
430529
430561
430676
430799
430835
431137
431155
431192
431369
431402
431480
431492
431580
431605
431626
431818
431871
431902
432009
432114
432119
432245
432252
432395
432420
432568
432572
432609
432642
432656
432715
432771
432804
432844
432908
433179
433196
433302
433348
433537
433552
433588
433659
433670
433810
433921
434093
434119
434149
434229
434295
434384
434411
434486
434541
434598
434643
434784
434905
434996
435105
435201
435550
435596
435598
435719
435757
435883
435886
435931
435939
435949
436188
436298
436317
436378
436385
436404
436435
436444
436489
436513
436539
436592
436614
436813
436884
436902
437057
437130
437319
437370
437589
437697
437702
437724
437742
437748
437991
438088
438099
438213
438348
438445
438557
438565
438619
438676
438769
438808
438818
438826
438877
438988
439189
439320
439323
439586
439601
439798
439905
440099
440151
440207
440383
440439
440441
440487
440544
440565
440589
440701
440718
440751
440761
440788
440809
440871
440875
440876
440895
440903
440959
440979
441047
441086
441188
441373
441429
441453
441468
441549
441602
441690
441855
441898
442079
442192
442383
442612
442772
442912
442935
443051
443132
443172
443313
443509
443658
443971
443992
444060
444171
444245
444329
444677
444832
444846
444935
444941
445000
445083
445213
445296
445342
445385
445524
445569
445683
445843
445957
446209
446218
446222
446251
446315
446386
446409
446432
446576
446635
447007
447013
447029
447038
447110
447194
447410
447617
447636
447641
448017
448107
448207
448218
448358
448590
448645
448811
448823
448926
448983
449000
449340
449451
449480
449774
450007
450100
450343
450384
450619
450709
450727
450767
450913
450972
451052
451122
451131
451145
451352
451512
451566
451602
451649
451689
451702
451776
451851
451987
452129
452223
452299
452572
452736
452760
452916
452938
453001
453048
453127
453282
453297
453419
453436
453446
453492
453644
453652
453754
453941
454082
454103
454165
454246
454293
454466
454527
454543
454578
454720
454864
455035
455098
455257
455274
455381
455449
455628
455710
455817
455820
455912
455995
456056
456144
456446
456456
456469
456508
456516
456621
456759
456792
456834
457070
457119
457163
457173
457512
457592
457598
457600
457686
457695
457741
457789
457861
457875
457885
457892
458119
458130
458342
458418
458431
458481
458482
458485
458527
458549
458601
458610
458641
458854
458942
459042
459102
459126
459212
459280
459363
459370
459582
459584
459593
459734
459967
460014
460080
460101
460109
460278
460390
460396
460599
460637
460737
460779
460889
460939
461025
461186
461252
461272
461382
461403
461498
461554
461655
461857
462027
462041
462061
462062
462140
462146
462194
462200
462357
462568
462666
462825
462833
462909
462997
463304
463317
463340
463390
463414
463505
463547
463621
463672
463698
463789
463845
463916
463960
464292
464324
464386
464518
464651
464737
464872
464950
464961
465094
465191
465234
465300
465323
465485
465512
465599
465607
465612
465679
465789
465912
465957
466014
466093
466138
466175
466208
466265
466270
466274
466311
466409
466466
466490
466568
466593
466726
467169
467220
467276
467278
467476
467504
467519
467635
467642
467657
467664
467698
467790
468010
468112
468128
468244
468478
468514
468589
468594
468646
468813
468814
468872
468970
469251
469260
469403
469472
469483
469634
469708
469731
469732
469742
469767
469850
469874
469901
469945
469970
470037
470047
470236
470269
470279
470402
470512
470652
470685
470693
470715
470934
471025
471929
472231
472235
472246
472251
472259
472263
472355
472371
472459
472473
472547
472747
472853
472867
472874
473009
473029
473036
473223
473224
473251
473257
473287
473420
473459
473583
473638
473752
473781
473979
473981
474041
474050
474064
474072
474082
474170
474381
474416
474481
474614
474745
474870
474996
475022
475062
475086
475108
475114
475467
475511
475614
475810
475856
475871
475919
476180
476580
476680
476694
476706
476809
476853
476957
477015
477056
477070
477076
477119
477188
477234
477304
477360
477365
477418
477422
477581
477872
477927
477966
478260
478270
478278
478286
478297
478424
478512
478542
478562
478596
478698
478719
478754
478817
478884
478990
479043
479251
479277
479291
479317
479347
479355
479366
479382
479516
479584
479649
479854
479917
480041
480060
480112
480124
480160
480353
480457
480509
480615
480723
480805
480816
480943
480990
481172
481202
481207
481236
481516
481538
481683
481761
482133
482143
482249
482423
482452
482602
482609
482613
482629
482755
482999
483005
483084
483205
483272
483284
483327
483349
483526
483537
483557
483794
483842
483940
483973
484034
484357
484449
484509
484532
484699
484813
484872
484968
485180
485629
485633
485733
485905
485943
486037
486143
486385
486572
486598
486635
486746
486763
486772
487240
487337
487348
487462
487536
487681
487762
487900
487904
487948
488111
488177
488296
488778
488785
488880
488970
489002
489057
489107
489276
489442
489505
489506
489690
489715
489722
489726
489731
489904
489954
489964
490027
490079
490148
490351
490371
490430
490543
490576
490625
490666
490794
490943
491032
491088
491184
491217
491243
491323
491371
491524
491717
491735
491786
491908
492042
492124
492190
492254
492387
492408
492417
492639
492688
492714
492771
492811
492834
492863
492972
493001
493023
493032
493197
493272
493292
493366
493629
493824
493853
493908
494001
494129
494143
494262
494426
494537
494655
494876
494930
495062
495109
495145
495254
495413
495585
495705
495718
495749
495858
495965
495966
495975
496032
496066
496080
496182
496221
496357
496389
496472
496586
496613
496624
496683
496880
496958
496973
497204
497229
497299
497350
497459
497633
497690
497859
497993
498138
498278
498366
498476
498555
498577
498628
498799
498880
498885
498897
499050
499054
499055
499119
499152
499182
499340
499431
499598
499607
499791
500033
500165
500385
500411
500480
500515
500609
500612
500626
500633
500901
500924
501064
501117
501195
501273
501402
501456
501464
501484
501487
501518
501529
501532
501542
501565
501648
501673
501755
501780
501819
501896
502002
502038
502056
502061
502178
502215
502263
502346
502388
502425
502432
502491
502625
502806
502879
503012
503221
503225
503295
503400
503515
503596
503717
503724
503749
503802
503875
503929
503937
503943
503975
504023
504055
504210
504252
504294
504311
504419
504431
504561
504563
504882
504912
504939
504964
504977
505216
505250
505311
505405
505470
505675
505689
505790
506325
506375
506609
506867
506952
506960
507301
507315
507321
507349
507468
507651
507714
508467
508961
508978
508991
509146
509167
509340
509376
509456
509535
509600
509767
509774
509818
509840
509900
509931
510012
510114
510223
510293
510302
510338
510401
510788
510897
511010
511132
511211
511232
511521
511585
511742
511865
512081
512230
512354
512358
512472
512700
512740
512760
512805
512835
512858
512980
513265
513293
513322
513371
513468
513516
513593
513624
513757
513805
513940
514213
514257
514309
514347
514395
514452
514532
514563
514633
514641
514704
514803
514876
514879
515031
515146
515227
515311
515396
515482
515552
515784
515813
515827
516032
516107
516298
516384
516400
516487
516529
516766
516775
516781
516798
516983
517006
517033
517059
517123
517175
517262
517275
517359
517450
517680
517872
517945
518026
518078
518402
518431
518450
518476
518663
518680
518777
518810
518943
518983
519020
519072
519205
519315
519390
519524
519539
519634
519704
519755
519853
519958
519960
520046
520508
520574
520653
520666
520749
520818
520966
520981
521071
521077
521180
521244
521254
521255
521357
521415
521448
521612
521866
521959
521987
522149
522400
522439
522466
522577
522635
522762
523015
523195
523335
523409
523580
523618
523897
523928
523962
524004
524085
524101
524171
524208
524255
524646
525217
525264
525292
525373
525383
525517
525531
525535
525559
525652
525817
525843
525947
526006
526021
526095
526178
526220
526324
526418
526434
526498
526555
526579
526607
526797
526804
527059
527073
527303
527329
527461
527566
527612
527774
528071
528072
528208
528297
528305
528565
528635
528656
528780
528783
528785
528796
528841
528993
529047
529055
529396
529511
529687
529905
530011
530018
530043
530150
530195
530211
530213
530360
530394
530412
530421
530575
530617
530634
530734
530932
530968
531135
531288
531308
531472
531730
531766
531943
532082
532084
532100
532206
532261
532353
532480
532531
532680
532758
532788
532874
532905
532938
533150
533340
533458
533464
533522
533553
533587
533607
533631
533684
533881
534191
534253
534281
534302
534472
534614
534673
534821
534849
535147
535335
535428
535439
535453
535469
535853
535991
536115
536239
536341
536611
536628
536655
536748
536761
536763
536818
536822
537116
537511
537826
537839
538002
538108
538274
538503
538522
538579
538616
538647
538656
538782
539005
539216
539306
539357
539433
539684
539686
539706
539729
539731
539799
539816
540165
540199
540211
540256
540319
540494
540542
540681
540737
540751
540861
540862
541014
541029
541160
541491
541527
541555
541560
541604
541698
541762
541822
541860
541935
542017
542021
542146
542201
542216
542248
542252
542280
542342
542356
542477
542524
542791
542832
542926
543019
543069
543194
543368
543757
543780
543886
543999
544142
544259
544530
544550
544630
544640
544781
544912
545018
545594
545681
545819
545855
545984
546182
546232
546254
546265
546267
546432
546617
546681
546706
546770
546796
546957
546989
547069
547101
547443
547562
547581
547610
547900
548393
548590
548696
549015
549029
549251
549269
549406
549435
549475
549484
549509
549562
549630
549803
549845
550064
550094
550155
550226
550264
550358
550376
550427
550479
550554
550680
550772
550818
550881
551031
551105
551288
551300
551308
551353
551417
551631
551707
551765
551823
552010
552055
552298
552370
552469
552472
552691
552729
552790
552832
552949
552959
553146
553266
553315
553348
553395
553405
553459
553481
553489
553514
553544
553780
553850
553882
553922
553942
554069
554324
554399
554443
554602
554717
554757
554856
554864
555257
555411
555451
555700
555752
555980
556056
556140
556273
556484
556525
556529
556676
556693
556704
556744
556745
556863
556926
556975
557129
557311
557484
557522
557523
557532
557649
557657
557720
558126
558127
558316
558345
558436
558458
558604
558799
558803
558876
559332
559348
559583
559641
559646
559761
559876
559927
559936
559962
560060
560249
560263
560279
560443
560479
560661
560663
561070
561100
561119
561121
561156
561160
561278
561307
561331
561403
561615
561748
561864
561887
561977
562020
562023
562155
562304
562579
562585
562613
562710
562754
562835
562876
563038
563079
563137
563281
563294
563345
563386
563413
563476
563526
563534
563734
563748
563837
563965
564041
564135
564160
564329
564401
564469
564483
564599
564625
564732
564734
564789
564827
564920
565025
565037
565061
565209
565517
565543
565566
565596
566134
566188
566261
566302
566416
566484
566539
566664
566712
566822
566879
566988
567079
567285
567440
567531
567573
567625
567627
567849
567885
567903
568098
568161
568243
568366
568432
568436
568464
568484
568677
568846
569014
569023
569300
569301
569337
569423
569751
569830
569910
570243
570298
570316
570320
570335
570389
570434
570529
571097
571200
571212
571276
571398
571484
571578
571579
571625
571651
571735
571955
572095
572218
572265
572313
572333
572498
572810
572822
573002
573041
573194
573203
573393
573858
573984
573987
574062
574262
574276
574347
574483
574502
574578
574677
574749
575042
575097
575151
575207
575231
575312
575363
575454
575465
575552
575631
575644
575683
575690
575714
575722
576018
576164
576190
576230
576245
576266
576290
576320
576339
576418
576470
576526
576543
576656
576695
576704
576820
576985
577393
577424
577427
577524
577540
577586
577687
577692
577857
578070
578249
578254
578308
578336
578419
578461
578468
578473
578611
578612
578704
578725
578766
578795
578953
578957
579111
579136
579154
579287
579293
579433
579436
579608
579852
579876
580143
580177
580186
580268
580370
580400
580421
580513
580533
580545
580589
580601
580615
580721
580829
580883
581118
581152
581166
581224
581275
581434
581442
581516
581667
581706
581768
581773
581867
581941
581947
581990
582107
582264
582421
582521
582555
582641
582727
582853
582915
582936
582948
583246
583291
583308
583343
583346
583574
583619
583652
583702
583709
583793
583850
583854
583861
584137
584138
584151
584339
584357
584821
584940
585074
585133
585398
585496
585534
585793
585848
585893
585904
585920
586029
586082
586359
586373
586380
586411
586660
586677
587023
587105
587116
587198
587290
587590
587736
587743
587750
587759
587800
587838
587856
587906
587937
587980
588034
588169
588328
588343
588349
588402
588491
588649
588803
588900
589081
589121
589141
589191
589257
589285
589293
589321
589378
589565
589578
589611
589645
589895
590464
590556
590664
590748
590876
590886
590904
590909
590990
590992
591158
591575
591672
591724
591875
592228
592381
592418
592579
592643
592659
593150
593329
593497
593507
593607
593812
593847
593868
593902
594024
594048
594067
594072
594480
594607
594616
594747
594760
594968
595035
595063
595182
595469
595529
595547
595602
595610
595612
595632
595697
595735
595823
595848
595851
596154
596211
596457
596525
596579
596609
596771
596831
596848
596851
597096
597130
597154
597393
597604
597752
597890
597930
597976
598230
598419
598469
598483
598703
598768
598810
598832
598857
598885
598923
598947
599059
599084
599228
599257
599303
599599
599803
599883
599942
599953
600104
600127
600256
600366
600445
600494
600580
600725
600818
601012
601156
601302
601342
601391
601397
601484
601485
601588
601791
601825
601923
601953
601969
602074
602091
602228
602427
602554
603001
603184
603294
603343
603353
603644
604211
604290
604470
604577
604698
604840
604937
604986
604996
605077
605184
605202
605338
605424
605530
605576
605599
605826
605930
606020
606090
606146
606336
606400
606438
606752
606786
606800
606823
606910
606913
607033
607133
607294
607378
607476
607481
607500
607515
607540
607643
607688
607769
607872
607875
608002
608220
608276
608302
608689
608734
608825
608867
608986
609062
609069
609250
609316
609371
609416
609509
609530
609652
609723
609733
609994
610100
610548
610625
610650
610662
610742
610769
610797
610816
610854
610955
610997
611100
611101
611377
611452
611497
611513
611544
611559
611599
611662
611679
611784
611802
611877
611988
612251
612278
612303
612581
612591
612641
612800
612881
612908
612935
612972
612984
613063
613157
613170
613317
613416
613554
613555
613557
613595
613695
613769
613858
614140
614183
614209
614349
614393
614581
614686
614689
614761
614820
615041
615104
615314
615411
615465
615493
615509
615517
615527
615815
616070
616192
616314
616439
616460
616669
616701
617154
617157
617222
617225
617302
617339
617434
617443
617523
617602
617783
617824
617931
618029
618194
618205
618221
618225
618249
618340
618419
618560
618634
618636
618689
618967
619085
619463
619523
619877
619977
620008
620226
620345
620521
620544
620688
620715
620857
620912
620983
620991
621254
621333
621565
621638
621710
621723
621759
621806
621833
621838
621867
621882
621902
621907
622008
622199
622224
622268
622269
622304
622430
622481
622574
622652
622868
622912
622959
622961
623000
623030
623124
623446
623661
623675
623761
623910
623922
624115
624263
624838
625089
625289
625381
625546
625655
625867
625996
626077
626144
626344
626680
626728
626841
626868
626879
626898
626914
627005
627089
627192
627200
627241
627273
627294
627360
627546
627615
627619
627652
627778
628030
628037
628118
628178
628346
628403
628420
628434
628463
628527
628622
628629
628679
628720
628789
628810
628908
629019
629039
629078
629186
629229
629378
629673
629774
629959
629963
629999
630084
630331
630338
630392
630456
630458
630489
630848
630892
630983
631257
631323
631447
631471
631490
631664
631731
631762
631778
631815
631837
631886
631906
631916
632101
632162
632283
632417
632460
632489
632613
632614
632711
632942
633197
633380
633418
633472
633646
633811
633818
634098
634268
634373
634413
634594
634620
635257
635259
635327
635474
635477
635749
635872
636068
636155
636300
636312
636399
636526
636548
636652
636712
636739
636782
636813
636844
636886
636892
636926
637055
637091
637148
637154
637252
637292
637450
637469
637521
637981
638114
638142
638207
638382
638400
638410
638435
638522
638552
638558
638577
638659
638669
638768
638773
638886
638895
639095
639180
639288
639310
639315
639450
639580
639608
639741
639991
640145
640162
640188
640270
640427
640465
640564
640578
640694
640718
640788
640862
640966
641109
641123
641227
641241
641250
641306
641634
641645
641670
641733
641769
641785
641846
641859
642237
642300
642309
642329
642359
642366
642580
642632
642742
643013
643066
643204
643215
643332
643394
643396
643486
643517
643552
643569
643687
643726
643762
643797
643872
644014
644104
644149
644197
644258
644361
644462
644500
644745
644752
644853
644869
644968
645018
645020
645069
645169
645881
645985
645989
646003
646049
646086
646152
646175
646191
646309
646465
646520
646559
646590
646609
646677
646807
646828
646976
647219
647396
647404
647481
647554
647675
647706
647738
647805
647841
647892
647955
647977
647988
648160
648219
648247
648252
648479
648705
648801
648840
648866
648889
648919
648932
649212
649338
649640
649701
649715
649851
649893
650021
650022
650300
650387
650483
650667
650847
650896
651281
651455
651560
651599
651625
651659
651725
651889
651891
651982
651992
652015
652018
652110
652257
652295
652311
652329
652355
652571
652685
652782
652808
652816
652902
652938
653196
653276
653286
653316
653395
653400
653598
653800
653936
654192
654247
654540
654582
654585
654587
654590
654597
654843
654935
655049
655086
655134
655236
655305
655351
655383
655521
655553
655660
655856
655887
655894
655906
655931
655992
656152
656228
656288
656319
656439
656460
656654
656802
656813
657058
657118
657170
657187
657396
657479
657487
657656
657753
657807
657963
658087
658189
658350
658438
658464
658562
658710
658780
658899
659166
659233
659287
659425
659468
659519
659560
659701
659756
659878
659957
659977
660097
660112
660146
660183
660402
660504
660515
660560
660577
660578
660646
660716
660722
660729
661030
661153
661196
661266
661272
661352
661514
661709
661720
661819
661821
661881
661909
662108
662155
662253
662432
662456
662535
662564
662656
662709
662741
662847
662862
663010
663043
663139
663227
663256
663331
663460
663464
663620
663678
663778
663925
664104
664143
664236
664263
664398
664569
664634
664667
664673
664800
664888
664975
665049
665118
665154
665201
665587
665658
665802
665981
665996
666079
666112
666560
666561
666642
666794
666863
666892
667146
667599
667623
667649
667674
667677
668170
668222
668312
668538
668721
668725
668749
668795
668808
668919
669074
669293
669344
669348
669398
669404
669425
669441
669488
669519
669596
669627
669782
670067
670076
670148
670289
670290
670348
670438
670511
670547
670552
670595
670664
670752
670764
670876
670978
671354
671458
671507
671572
671657
671761
671773
672030
672069
672413
672450
672630
672740
672847
673038
673039
673049
673261
673442
673511
673600
673741
673959
674039
674049
674153
674213
674223
674226
674269
674335
674523
674537
674866
674936
674948
675049
675050
675153
675266
675288
675383
675449
675598
676098
676110
676214
676256
676425
676507
676841
676872
676875
677153
677185
677254
677510
677540
677573
677635
677657
677668
677807
677836
677838
677895
677988
678161
678172
678521
678632
678640
678710
678742
679133
679242
679288
679451
679497
679688
679743
680051
680094
680112
680113
680135
680205
680245
680599
680699
680739
680855
680857
680959
680968
680969
680995
681309
681333
681363
681495
681509
681518
681608
681679
681694
681768
681924
681938
681953
681957
682003
682054
682082
682208
682318
682333
682334
682383
682404
682436
682579
682594
682665
682675
682701
682736
682768
682815
682998
683005
683154
683190
683292
683386
683427
683472
683565
683583
683632
683656
683811
683827
683907
683972
683981
683992
683993
684002
684010
684047
684113
684154
684325
684571
684788
684982
684989
685361
685474
685685
685700
685737
685800
685814
685884
685901
685932
686068
686303
686344
686392
686393
686542
686557
686633
686700
686781
687375
687424
687438
687542
687549
687816
687854
687962
688055
688065
688101
688150
688174
688218
688219
688473
688495
688674
688953
688954
689058
689226
689238
689284
689418
689543
689641
689747
689749
689873
690082
690167
690257
690355
690360
690427
690512
690546
690564
690698
690720
690757
690798
691062
691149
691197
691355
691396
691413
691507
691571
691630
691695
691722
691745
691823
691845
691912
692089
692176
692323
692425
692479
692497
692659
692800
692836
692903
692905
692948
692953
693101
693508
693748
693756
693757
693803
693832
693871
694109
694160
694171
694221
694224
694238
694451
694547
694548
694568
694577
694589
694620
694723
694787
694854
694954
694984
695071
695156
695220
695418
695539
695641
695717
695816
695875
696115
696333
696352
696371
696527
696604
696610
696625
696687
696882
696910
696914
696968
696998
697040
697050
697059
697160
697401
697651
697728
697753
697822
697885
697990
697999
698068
698392
698398
698457
698568
698582
698619
698637
698766
698841
698968
698990
699052
699096
699424
699516
699610
699701
699715
699905
700074
700093
700239
700479
700500
700518
700528
700553
700836
700950
701056
701111
701133
701173
701218
701254
701353
701427
701705
701776
701831
701833
701888
701917
702010
702096
702215
702315
702360
702514
702722
702906
702967
703153
703369
703408
703469
703482
703532
703759
703921
703991
704040
704169
704196
704210
704362
704438
704477
704531
704550
704978
705013
705025
705041
705134
705237
705291
705294
705317
705342
705368
705414
705587
705636
705991
706164
706196
706198
706202
706270
706394
706403
706419
706512
706585
706747
706940
706968
706973
707011
707254
707255
707279
707320
707397
707505
707529
707601
707763
707871
707888
707964
708318
708552
708583
708722
708788
708818
708831
708916
709048
709050
709102
709167
709168
709210
709237
709342
709365
709470
709593
709663
710015
710109
710126
710181
710215
710258
710393
710545
710754
710829
711023
711214
711236
711347
711392
711402
711459
711891
712028
712209
712234
712318
712359
712446
712565
712713
712735
712954
713269
713292
713535
713563
713680
713694
713958
713989
714012
714043
714097
714118
714122
714129
714141
714283
714439
714584
714956
715057
715065
715113
715231
715314
715337
715405
715581
715654
715694
715763
715766
715810
715829
715992
716010
716167
716247
716272
716315
716329
716478
716578
716674
716692
716720
716827
717298
717336
717347
717413
717527
717614
717851
718021
718121
718215
718225
718318
718484
718536
718912
718930
719067
719095
719231
719296
719349
719462
719494
719534
719604
719679
719716
719724
719787
719823
719851
720145
720163
720330
720386
720430
720470
720523
720641
720656
720669
720751
720774
720800
720849
720969
721177
721191
721203
721306
721365
721408
721465
721526
721788
721866
721965
722281
722423
722596
722651
722777
722839
722953
723164
723340
723363
723364
723446
723449
723460
723647
723954
724052
724118
724194
724327
724415
724429
724467
724649
724698
725078
725270
725288
725348
725394
725420
725502
725514
725536
725563
725581
725649
725687
725728
725852
725886
725908
725978
726010
726096
726134
726255
726266
726288
726386
726459
726479
726488
726506
726525
726588
726664
726955
727066
727130
727136
727301
727311
727312
727521
727584
727630
727677
727715
727813
727947
727968
728558
728602
728675
728790
728900
728994
729049
729069
729130
729376
729417
729455
729492
729510
729541
729625
729933
729937
729950
729966
729990
730096
730115
730191
730492
730696
731041
731156
731391
731658
731794
731846
731935
732013
732077
732227
732264
732345
732353
732383
732386
732401
732696
732757
732759
732870
732932
732951
733003
733066
733444
733553
733793
733814
733904
733960
734014
734034
734163
734268
734279
734304
734415
734459
734528
734964
735221
735310
735349
735385
735614
735650
735670
735758
735941
736217
736333
736463
736559
736643
736676
736688
736771
736866
736960
737001
737030
737050
737323
737325
737458
737548
737578
737679
737693
737725
737739
737741
737922
738059
738066
738193
738305
738321
738427
738438
738453
738501
738520
738562
738736
738737
738785
738807
738819
738911
739032
739062
739109
739143
739367
739448
739508
739579
739635
739654
739742
739773
739784
740215
740568
740584
740663
740924
740984
741201
741326
741416
741554
741640
741662
741691
741715
741792
741815
742007
742283
742287
742335
742478
742492
742509
742515
742562
742673
742680
742725
742742
742798
743251
743391
743425
743471
743535
743583
743685
743742
743861
744175
744318
744340
744382
744411
744424
744480
744550
744591
744598
744726
744909
744936
744988
745208
745209
745222
745342
745378
745471
745519
745665
745735
745742
745796
745804
745832
745940
745960
746039
746105
746108
746196
746229
746316
746390
746394
746697
746759
746973
746979
747060
747120
747136
747215
747346
747444
747618
747755
747779
748245
748264
748357
748568
748607
748688
748766
748820
748883
748897
748986
748990
749013
749022
749044
749108
749233
749274
749374
749421
749509
749695
749710
749786
749792
749814
749934
749943
750072
750155
750177
750298
750354
750381
750447
750471
750598
750662
750712
750740
750816
751168
751192
751291
751293
751364
751392
751401
751520
751571
751839
752121
752288
752307
752380
752540
752563
752626
752674
752990
753016
753055
753103
753261
753282
753309
753672
753782
754091
754153
754271
754445
754516
754678
754759
754775
754947
754975
755051
755294
755373
755538
755546
755577
755813
755922
756012
756014
756027
756294
756375
756501
756641
756660
756953
756965
756979
757068
757093
757260
757304
757385
757386
757483
757514
757547
757575
757823
757998
758155
758222
758308
758309
758379
758554
758643
758798
758869
759062
759124
759127
759194
759422
759506
759813
759977
760084
760294
760343
760382
760687
760710
760725
760730
760769
760900
760921
760953
760965
760970
761092
761241
761254
761399
761415
761540
761658
761841
761981
761999
762030
762034
762190
762286
762656
762657
762666
762754
762839
763267
763337
763365
763641
763818
763883
764090
764261
764489
764547
764624
764853
765023
765106
765252
765298
765488
765534
765627
765631
765659
765895
766306
766384
766477
766639
766777
766807
766943
767076
767143
767358
767379
767391
767396
767900
767905
767910
767914
767930
768075
768081
768130
768173
768356
768430
768437
768660
768668
768675
768722
768777
768937
769057
769111
769206
769264
769293
769426
769565
769623
769656
769665
769704
769738
769756
769963
770065
770090
770134
770275
770427
770545
770586
770657
770938
770995
771029
771058
771099
771199
771248
771340
771342
771394
771410
771427
771445
771643
771687
771713
771724
771928
771937
772011
772027
772097
772250
772264
772273
772302
772596
772606
772825
773059
773070
773081
773138
773528
773615
773633
773693
773752
773818
773863
774021
774047
774109
774570
774614
774662
774768
774780
774829
774906
774955
775132
775225
775249
775466
775482
775686
775698
775951
776018
776189
776260
776293
776352
776396
776410
776487
776530
776538
776570
776669
776846
776854
776871
776943
777002
777150
777320
777601
777788
777842
777919
778125
778344
778369
778390
778423
778493
778604
778657
778718
778724
778752
778763
778941
778967
779000
779296
779328
779353
779391
779403
779465
779564
779738
779787
779907
779931
779998
780029
780031
780094
780167
780181
780185
780226
780244
780295
780506
780670
780750
780829
780958
781022
781025
781328
781464
781568
781647
781767
781967
782113
782236
782359
782516
783461
783509
783848
784076
784229
784484
784674
784714
784945
785484
785781
785796
785854
785894
785955
786000
786385
786486
786503
786511
786601
786862
786867
787028
787179
787182
787184
787261
787272
787338
787496
787545
787623
787632
787738
787893
787979
788012
788029
788138
788181
788276
788302
788370
788439
788708
788794
788969
789048
789071
789184
789217
789253
789338
789394
789426
789672
789834
789873
789956
790129
790222
790268
790342
790365
790509
790626
790646
790815
791100
791325
791376
791507
791551
791570
791677
791708
791790
791814
791874
791887
791912
791988
792224
792239
792401
792607
792680
792832
792839
792983
792996
793041
793043
793087
793385
793442
793606
793724
793732
793956
793963
794112
794164
794268
794366
794456
794470
794530
794559
794622
794696
794735
794867
794921
794929
795043
795274
795394
795646
795930
796146
796247
796356
796360
796543
796585
796857
796924
797062
797120
797154
797189
797323
797602
797653
797660
797914
797979
798006
798439
798462
798468
798491
798554
798598
798636
798645
798651
798667
798755
798809
799118
799273
799302
799323
799417
799647
799760
799788
799796
799855
799889
799907
799949
799956
800034
800070
800274
800414
800462
800484
800498
800527
800581
800605
800698
800703
800711
800791
800803
800824
800904
800923
800989
801232
801249
801410
801679
801805
801859
801873
801938
801966
802311
802321
802354
802381
802464
802487
802516
802591
802598
802618
802699
802854
803038
803274
803331
803338
803371
803459
803471
803490
803506
803511
803515
803519
803616
803660
803666
803669
803705
803783
803786
803918
804169
804248
804275
804295
804379
804387
804665
804697
804727
804770
804804
804805
804854
805075
805304
805330
805337
805387
805396
805467
805544
805562
805576
805748
805762
805985
806177
806181
806339
806363
806365
806453
806799
806845
806947
806953
806964
807100
807102
807122
807123
807235
807267
807434
807500
807524
807761
808057
808134
808203
808253
808278
808324
808359
808437
808443
808502
808668
808760
808793
808894
808895
808924
808941
808964
808973
809120
809255
809294
809501
809534
809539
809691
809726
809757
809852
809875
810186
810200
810279
810414
810493
810510
810847
810850
810865
810929
810947
811013
811073
811224
811414
811431
811455
811493
811620
811647
811668
811680
811799
811823
811828
811893
811934
812272
812341
812425
812447
812487
812536
812785
812821
813371
813722
813797
813877
813882
814024
814411
814423
814717
814820
814887
814935
814948
814962
814994
815106
815124
815243
815289
815363
815538
815684
815742
815906
815986
816061
816064
816129
816268
816378
816418
816421
816442
816455
816469
816506
816613
816722
816728
816763
816887
817074
817078
817323
817336
817417
817543
817584
817619
817663
817784
817798
817799
818058
818133
818139
818196
818222
818294
818296
818320
818346
818367
818415
818434
818612
818697
818770
818852
819232
819382
819526
819626
819725
819750
819758
819762
819774
819794
819842
819882
820112
820133
820174
820180
820193
820470
820478
820518
820737
820813
820932
820933
820937
821110
821228
821245
821246
821643
821729
821827
821903
821975
822094
822276
822536
822607
822659
822704
822750
822769
822873
823160
823281
823299
823370
823466
823738
823789
823874
824126
824246
824301
824518
824520
824791
824922
825012
825021
825162
825281
825303
825304
825389
825490
825736
825866
825871
825876
825889
825927
826063
826133
826280
826287
826290
826385
826439
826487
826581
826596
826731
826840
826955
826958
827089
827227
827251
827356
827453
827458
827476
827615
827728
827878
827900
827917
827924
827942
827996
828009
828089
828123
828216
828252
828267
828281
828332
828482
828626
828694
828770
828816
828971
829186
829261
829373
829563
829579
829654
829769
829828
829942
830081
830100
830113
830247
830256
830541
830592
830710
830741
830969
831081
831284
831285
831300
831368
831812
831850
831915
831924
831953
831984
832049
832093
832152
832180
832184
832224
832667
832764
832840
832866
832974
833073
833195
833308
833309
833320
833333
833407
833429
833563
833574
833582
833593
833604
833698
833699
833758
833782
834195
834234
834236
834280
834294
834444
834465
834569
834849
834872
834904
834936
835079
835127
835167
835228
835275
835293
835324
835408
835415
835632
835715
835747
835905
835971
835973
835994
836025
836037
836071
836123
836128
836150
836246
837168
837290
837356
837487
837563
837704
837787
837922
837932
838084
838147
838187
838215
838217
838306
838402
838406
838482
838801
838837
838923
839315
839424
839432
839627
839707
839721
839870
839928
839979
840029
840044
840053
840160
840368
840481
840655
840658
840671
840677
840769
840812
840940
840958
841016
841031
841128
841272
841286
841472
841519
841605
841623
841708
841728
841788
841820
842013
842031
842033
842390
842467
842517
842538
842584
842622
842963
842979
842987
843231
843233
843239
843391
843745
843822
843889
843893
843981
844076
844356
844539
844691
844767
844791
845061
845150
845152
845155
845208
845209
845245
845265
845289
845395
845408
845417
845667
845685
846149
846170
846221
846319
846356
846482
846542
846648
846656
846657
846744
847304
847541
847693
847812
848046
848317
848335
848338
848526
848571
848613
848618
848758
849095
849125
849271
849502
849505
849614
849654
849656
849711
849922
849964
850086
850112
850310
850364
850415
850532
850537
850736
851028
851277
851342
851379
851423
851439
851653
851686
851795
851856
851923
851927
851995
852029
852085
852177
852272
852445
852471
852503
852505
852514
852608
852735
852761
852873
852919
852922
853009
853016
853168
853311
853322
853324
853535
853678
853729
853758
853889
854115
854194
854296
854397
854414
854458
854461
854540
854782
854784
854799
855035
855037
855216
855393
855411
855465
855550
855686
855747
855796
855814
855875
855892
855894
855968
856040
856101
856122
856135
856195
856256
856283
856419
856525
856668
856670
857084
857124
857152
857446
857515
857540
857545
857594
857616
857803
858112
858117
858130
858187
858208
858375
858500
858545
858630
858775
858785
858791
858917
859004
859060
859116
859181
859235
859388
859418
859642
859997
860124
860200
860204
860352
860388
860515
860679
860709
860911
860947
861058
861224
861409
861681
861769
861936
861938
861961
861981
862032
862105
862114
862207
862332
862377
862642
862892
862903
862963
863038
863133
863241
863327
863333
863366
863441
863544
863654
863667
863731
863858
863943
863959
864080
864402
864686
864694
864731
864805
864812
864828
864918
865013
865046
865058
865110
865146
865193
865290
865475
865484
865549
865647
865729
865757
865771
866050
866090
866121
866218
866322
866339
866579
866702
866708
866723
866742
866819
866926
867019
867185
867189
867301
867504
867539
867614
867646
867662
867683
867776
867809
867997
868064
868200
868241
868303
868318
868345
868396
868398
868429
868437
868625
868657
868819
868892
868905
869024
869138
869186
869335
869347
869478
869736
869789
869889
870007
870205
870267
870422
870525
870558
870566
870645
870723
870798
870850
870857
870862
871076
871078
871257
871333
871426
871526
871545
871663
871744
871927
872141
872184
872210
872541
872716
872777
872972
873026
873072
873088
873187
873204
873243
873307
873518
873533
873615
873906
874195
874210
874289
874296
874381
874866
874871
874908
875019
875084
875115
875143
875412
875466
875536
875683
875729
875783
875797
875929
875938
876092
876108
876151
876266
876330
876364
876372
876564
876592
876948
876987
877008
877056
877147
877348
877389
877658
877806
877889
877929
877953
878228
878235
878260
878405
878758
878948
878991
878993
879101
879176
879354
879389
879429
879863
879950
880085
880086
880195
880199
880400
880445
880479
880546
880622
880675
880678
880867
880907
881005
881077
881161
881416
881462
881539
881559
881687
881704
881760
881777
881857
881879
881937
881952
882221
882336
882448
882525
882527
882528
882662
882707
882940
883044
883050
883174
883314
883349
883610
883616
883794
883830
884187
884333
884335
884553
884613
884632
884648
884971
884974
885020
885038
885111
885189
885255
885301
885326
885396
885417
885738
885809
885918
885992
886021
886348
886459
886742
887010
887068
887070
887102
887693
887710
887730
887852
887868
887924
887965
887992
888020
888038
888076
888144
888320
888337
888442
888521
888548
888642
888660
888663
888746
888751
888901
889184
889229
889277
889552
889611
889619
890091
890144
890340
890423
890451
890481
890629
890647
890658
890712
890715
890735
890863
890916
891143
891178
891180
891267
891279
891288
891385
891420
891459
891463
891505
891640
891666
891683
891688
891875
891886
892007
892064
892223
892231
892303
892497
892499
892509
892581
892662
892823
892975
893112
893121
893147
893369
893563
893684
893720
893988
894080
894209
894326
894721
894747
894783
894816
894835
894943
895068
895491
895504
895771
895836
895910
895920
896190
896300
896319
896363
896398
896442
896491
896581
896614
896746
896768
896876
896885
896889
896903
897045
897056
897099
897152
897289
897315
897357
897401
897456
897552
897566
897675
897886
898024
898094
898295
898395
898447
898533
898618
898664
898671
898793
898854
899023
899113
899124
899127
899195
899266
899378
899569
899724
899851
899900
899959
899962
900056
900176
900293
900313
900486
900589
900604
900624
900699
900704
900897
900915
900945
901100
901182
901283
901365
901391
901821
901888
901969
901998
902204
902244
902276
902310
902326
902343
902381
902638
902676
902755
902781
903313
903503
903562
903691
903702
903839
903885
903923
904030
904055
904152
904296
904300
904321
904333
904379
904448
904482
904565
904769
904828
904913
904933
905118
905126
905217
905251
905256
905290
905310
905370
905612
905617
905621
905637
905643
905796
905811
905819
905931
905964
906031
906035
906194
906241
906252
906256
906300
906302
906328
906410
906477
906554
906604
906722
906742
906795
906968
907010
907027
907042
907154
907273
907288
907340
907372
907421
907430
907435
907684
907770
907927
907951
908055
908145
908251
908381
908490
908549
908697
908759
909001
909074
909144
909477
909531
909777
909796
909871
909900
909939
909976
910161
910271
910558
910560
910593
910725
910810
910971
911102
911210
911291
911362
911386
911513
911598
911659
912021
912315
912321
912369
912523
912550
912600
912683
912846
913160
913227
913268
913362
913582
913748
913837
913949
913958
914044
914077
914323
914460
914531
914580
914767
914785
914851
914869
915015
915026
915047
915072
915163
915219
915227
915487
915567
915593
915747
915827
915981
915996
916064
916171
916190
916204
916244
916249
916358
916390
916402
916436
916525
916645
916707
916771
916800
916815
916834
916865
916931
916959
917065
917120
917229
917549
917627
917639
917850
918170
918267
918404
918568
918744
918820
918853
918865
919018
919107
919211
919470
919607
919667
919788
919878
919889
919914
919974
920090
920111
920399
920421
920515
920561
920562
920771
920802
920907
920955
921173
921216
921230
921331
921469
921558
921562
921695
921820
921866
921894
922056
922091
922376
922432
922465
922719
922847
923325
923544
923556
923737
923755
923792
923858
923866
923969
924026
924165
924231
924272
924727
924788
925106
925117
925293
925336
925339
925355
925556
925587
925696
925867
925874
925885
925911
926015
926087
926200
926306
926350
926727
926840
926868
927202
927453
927473
927501
927508
927631
927680
927769
927948
928229
928287
928464
928522
928674
928690
928694
928703
928719
929262
929270
929371
929457
929474
929574
929676
929771
929815
930195
930248
930258
930269
930385
930392
930627
930697
930721
930799
930827
930878
930889
930986
931081
931199
931243
931534
931572
931631
931633
931724
931783
931937
932042
932091
932166
932300
932316
932330
932486
932504
932568
932716
933069
933108
933217
933250
933259
933297
933301
933433
933482
933491
933748
933870
933946
933950
934275
934358
934449
934802
934859
935279
935310
935402
935428
935611
935654
935705
935716
935869
935889
935890
935921
935973
936044
937037
937077
937183
937294
937300
937628
937689
937720
937911
938042
938108
938203
938387
938391
938643
938751
938765
938806
938874
938890
938911
939087
939176
939194
939305
939339
939558
939573
940236
940442
940518
940533
940671
940801
940816
940822
940978
941005
941033
941039
941309
941586
941601
941664
941826
941901
941958
942401
942446
942449
942553
942577
942769
942805
942821
942844
942895
942985
943057
943129
943242
943327
943329
943369
943468
943636
943720
944075
944103
944189
944487
944519
944533
944571
944933
945039
945069
945182
945220
945270
945282
945318
945610
945665
946023
946126
946246
946267
946269
946399
946435
946479
946583
946611
946630
946716
946865
946928
946937
947026
947028
947038
947068
947077
947139
947192
947225
947234
947370
947432
947475
947683
947745
947750
947832
947980
948077
948101
948205
948226
948272
948295
948401
948448
948552
948561
948606
948623
948838
948897
948993
949031
949211
949440
949477
949552
949564
949577
949622
949682
950006
950040
950072
950133
950150
950229
950391
950454
950502
950556
950735
950764
951176
951225
951348
951356
951651
952023
952031
952089
952102
952327
952549
952618
952636
952769
952788
952812
952872
952890
952924
953043
953239
953255
953755
953875
953972
954181
954217
954332
954347
954398
954591
954618
954642
954786
954828
954853
954949
955009
955012
955030
955126
955143
955219
955251
955322
955325
955415
955449
955540
955547
955572
955643
955956
955982
956015
956150
956212
956220
956314
956338
956380
956413
956469
956631
956715
956864
957010
957090
957133
957175
957237
957284
957662
957786
957788
957932
958220
958244
958268
958278
958424
958438
958569
958605
958661
958741
958902
958915
959010
959110
959163
959281
959324
959326
959332
959340
959358
959484
959600
959816
959918
959927
959978
960030
960058
960160
960180
960355
960357
960374
960397
960502
960519
960646
960706
960858
960899
960924
960925
961011
961084
961114
961150
961403
961640
961772
961817
961936
961994
962084
962223
962264
962318
962390
962448
962523
962650
962921
962989
963188
963230
963283
963424
963473
963762
963823
964026
964030
964177
964237
964596
964716
964750
964835
964842
964951
965001
965042
965048
965218
965419
965430
965446
965590
965601
965615
965679
965845
966336
966424
966507
966554
966570
966572
966677
966700
966759
966869
966881
966884
966898
966933
966936
966982
967025
967097
967115
967186
967267
967606
967694
967801
967847
967871
967910
967942
967947
968157
968195
968499
968575
968647
968659
968686
968847
968909
969126
969132
969220
969322
969385
969675
969761
969872
970034
970311
970341
970404
970414
970526
970741
970890
970897
971413
971474
971561
971656
971865
972012
972018
972059
972128
972218
972410
972447
972611
972712
972746
972841
972963
973238
973293
973314
973377
973574
973602
973631
973636
973682
974028
974034
974044
974139
974222
974252
974273
974419
974453
974524
974574
974598
974875
975020
975163
975227
975240
975637
975740
975936
975997
976009
976019
976106
976122
976131
976164
976205
976319
976502
976604
976699
976712
976849
977074
977185
977193
977332
977744
977795
977949
978054
978101
978136
978283
978332
978344
978493
978546
978575
978601
978636
978720
978774
978826
978956
978977
978992
979097
979344
979376
979446
979471
979506
980002
980013
980027
980100
980139
980180
980287
980473
980507
980526
980631
980681
980691
980704
981252
981347
981495
981513
981805
981807
981861
981916
982071
982126
982172
982217
982309
982334
982408
982437
982454
982555
982586
982778
982857
983091
983156
983252
983342
983361
983458
983561
983562
983570
983663
983756
983768
983776
983787
983868
983970
984011
984108
984160
984162
984424
984468
984490
984614
984632
984887
985003
985053
985096
985171
985216
985259
985328
985351
985353
985500
985522
985611
985650
985660
985720
985797
985809
986054
986295
986459
986569
986746
986813
986865
987310
987452
987507
987559
987568
987862
988078
988249
988269
988293
988380
988408
988416
988484
988549
988723
988764
988825
988927
988934
989186
989399
989491
989598
989681
989732
989733
989807
989832
989848
989880
990086
990146
990178
990241
990298
990304
990380
990509
990512
990797
990966
991343
991387
991426
991872
991922
992142
992465
992548
992643
992746
992900
992914
993175
993319
993471
993571
993687
993739
993770
993817
993828
994155
994160
994197
994253
994256
994288
994326
994369
994426
994773
994780
994791
994873
994997
995243
995245
995278
995342
995370
995458
995525
995555
995651
995714
995743
995804
995928
995959
996026
996033
996220
996326
996327
996454
996521
996566
996632
996667
996677
996726
996801
996804
996930
997048
997075
997140
997258
997320
997373
997419
997523
997530
997628
997750
997920
997942
998114
998147
998208
998489
998503
998585
998694
998863
999002
999010
999057
999134
999204
999316
999342
999344
999363
999429
999608
999663
999760