100070
100317
100370
100391
100427
100444
100493
100496
100532
100618
100663
100729
100757
100999
101001
101006
101103
101159
101372
101572
101605
101637
101730
101733
101767
101782
101974
102042
102067
102206
102262
102270
102333
102409
102434
102489
102540
102689
102782
102877
102883
103016
103082
103133
103134
103175
103189
103328
103391
103403
103442
103449
103525
103633
103763
103795
103842
103946
103998
104144
104150
104335
104499
104509
104783
104986
105128
105163
105421
105425
105427
105474
105508
105536
105585
105745
105785
105857
106066
106364
106442
106475
106591
106768
106823
106927
106933
107079
107204
107222
107295
107569
107585
107622
107715
107768
107816
108054
108221
108338
108452
108455
108534
108550
108570
108599
108645
108786
108833
108852
108898
108925
109134
109184
109197
109348
109360
109672
109829
109995
110034
110099
110198
110274
110289
110378
110402
110415
110498
110585
110641
110655
110673
110682
110766
110795
110887
110943
111025
111205
111273
111322
111371
111457
111620
111844
112037
112040
112049
112095
112133
112206
112221
112269
112450
112611
112627
112686
113025
113030
113038
113259
113272
113337
113343
113647
113923
113962
114003
114181
114284
114402
114508
114516
114742
114752
114779
114864
114884
114968
115060
115273
115321
115698
115770
115918
116195
116223
116304
116322
116456
116564
116629
116811
116876
116878
116967
117019
117155
117528
117538
117584
117600
117682
117812
117859
117943
118006
118052
118137
118188
118374
118412
118433
118585
118627
118687
118827
118835
118898
118934
118946
118950
118988
118999
119016
119028
119044
119286
119319
119523
119535
119552
119584
119641
119651
119756
119768
119948
120215
120219
120353
120500
120501
120644
120658
120817
120831
121010
121085
121132
121151
121456
121479
121627
121737
121817
121827
121977
122098
122257
122303
122441
122475
122483
122533
122601
122649
122668
122716
122847
123083
123108
123363
123370
123389
123442
123458
123637
123932
124063
124190
124494
124612
124681
124694
124767
124820
124824
124882
124960
125005
125341
125362
125416
125683
125845
126022
126035
126062
126150
126227
126248
126293
126327
126422
126761
126808
126892
126911
127134
127272
127318
127471
127633
127675
127949
128312
128784
128929
129157
129159
129264
129370
129380
129391
129464
129519
129555
129645
129652
129662
129701
129714
129774
129776
129795
129920
130018
130027
130082
130168
130216
130320
130414
130504
130645
130873
131136
131148
131237
131284
131333
131363
131375
131539
131703
131769
131780
131800
131909
132084
132109
132194
132273
132282
132319
132467
132582
132808
132854
133068
133172
133437
133456
133557
133641
133686
133703
133707
133865
133955
134184
134191
134271
134406
134565
134736
134767
134865
135011
135172
135195
135306
135368
136057
136066
136267
136322
136336
136361
136456
136518
136551
136582
136589
136639
136664
136796
136809
136847
137102
137117
137127
137259
137294
137370
137642
137722
137992
138068
138152
138474
138560
138707
138734
138756
138943
139159
139293
139422
139459
139568
139594
139700
139964
140022
140115
140277
140306
140332
140501
140677
140704
140727
140830
140862
140932
140999
141061
141098
141187
141209
141290
141312
141533
141679
141711
141814
141862
141973
142046
142079
142109
142117
142203
142309
142324
142330
142334
142371
142461
142463
142514
142759
142792
142794
142828
142833
142841
142846
142868
143016
143188
143189
143219
143386
143392
143410
143564
143709
143735
143758
143888
143937
144093
144147
144164
144245
144267
144321
144584
144779
144835
144986
145142
145165
145174
145234
145257
145293
145347
145360
145405
145425
145522
145631
145677
145736
145766
145831
145920
146265
146312
146316
146334
146347
146665
146787
146905
146918
146923
146938
146967
146968
146989
147021
147099
147125
147159
147190
147465
147473
147807
147818
147862
147913
147926
148113
148162
148226
148325
148449
148481
148487
148512
148585
148734
148784
148802
148964
149168
149177
149234
149399
149437
149456
149644
149671
149688
149704
149731
149775
149779
149854
150056
150080
150129
150201
150312
150374
150404
150449
150482
150503
150663
150675
150744
150769
150790
150906
151145
151190
151202
151396
151531
151711
151761
151939
151943
152078
152150
152194
152276
152509
152904
153145
153196
153197
153207
153245
153370
153427
153467
153556
153574
153606
153607
153610
153660
153692
153719
153725
153732
153818
153874
153945
153997
154002
154007
154091
154109
154206
154402
154520
154742
154765
154783
154816
154887
155078
155081
155144
155172
155205
155476
155566
155784
155792
155853
155888
156235
156306
156342
156363
156466
156601
156612
156650
156715
156833
157139
157286
157288
157394
157425
157507
157516
157520
157717
157724
157791
157792
157938
158221
158252
158253
158294
158296
158411
158422
158498
158676
158700
158726
158738
158744
158771
158777
158823
158876
158909
158953
159172
159245
159726
159803
159815
160045
160100
160110
160121
160241
160341
160389
160514
160543
160653
160931
161500
161511
161515
161564
161663
161948
162050
162069
162185
162454
162519
162528
162557
162640
162795
162913
162951
163196
163209
163296
163313
163471
163476
163833
163987
164014
164053
164256
164290
164373
164437
164503
164875
165065
165235
165254
165380
165410
165444
165456
165518
165554
165617
165638
165681
165712
165808
165920
165936
165982
166043
166142
166243
166345
166499
166546
166580
166895
166956
167051
167318
167336
167498
167509
167580
167602
167627
167797
167810
167816
168102
168139
168162
168166
168376
168468
168489
168527
168598
168630
168824
168919
168957
168976
169009
169123
169215
169228
169303
169544
169581
169722
169780
169857
169918
169953
170140
170250
170300
170391
170401
170572
170756
170782
170839
170893
171123
171203
171220
171657
171673
171684
171790
171935
172087
172109
172154
172193
172222
172224
172312
172347
172355
172389
172514
172584
172601
172642
172872
173009
173068
173163
173283
173290
173357
173487
173500
173649
173700
173716
173791
173811
173851
174038
174111
174180
174186
174223
174251
174281
174350
174410
174436
174543
174576
175065
175160
175287
175299
175469
175514
175705
175744
175902
175908
175950
176002
176218
176335
176354
176457
176570
176575
176607
176760
176895
176951
176987
177022
177110
177132
177136
177167
177197
177216
177314
177345
177612
178069
178096
178258
178394
178404
178463
178534
178552
178588
178726
178781
178828
178881
178945
179014
179532
179660
179807
179810
179855
179945
180031
180034
180038
180218
180575
180619
180663
180750
180814
180821
180864
180991
181142
181363
181442
181450
181525
181634
181697
182016
182061
182313
182387
182391
182504
182544
182605
182684
182738
182862
182868
183057
183095
183192
183196
183239
183273
183426
183499
183524
183552
183626
183659
183894
183946
183987
184012
184057
184305
184315
184321
184391
184512
184653
184794
184861
184986
185021
185104
185160
185213
185298
185312
185324
185333
185568
185643
185657
185694
185703
185985
186155
186252
186274
186288
186321
186331
186380
186645
186840
186846
187400
187596
187661
187727
187759
187833
187966
187976
188029
188069
188120
188191
188460
188463
188522
188612
188637
188669
188681
188829
188849
188976
189126
189163
189367
189430
189492
189535
189547
189566
189620
189675
189737
189791
189794
189903
189962
190020
190041
190168
190250
190470
190655
190661
190718
190773
190826
191057
191158
191159
191257
191328
191351
191362
191372
191494
191660
191690
191757
191810
192028
192064
192133
192232
192250
192338
192347
192500
192730
192813
192950
192991
193141
193304
193463
193498
193685
193817
193818
193922
193970
194005
194010
194029
194063
194079
194161
194262
194442
194452
194757
194776
194893
194906
194930
195003
195030
195133
195148
195241
195306
195322
195460
195612
195634
195733
195739
195748
196015
196024
196170
196221
196224
196242
196330
196417
196436
196454
196651
196678
196771
196772
196786
197112
197183
197193
197221
197353
197387
197522
197754
197779
197801
197868
197954
197993
198129
198196
198242
198255
198265
198313
198419
198470
198473
198496
198715
198717
198801
198843
198973
198982
199028
199077
199126
199136
199155
199202
199241
199383
199403
199543
199671
199677
199762
199864
199921
199994
200044
200370
200460
200577
200603
200668
200753
200795
200796
200825
200988
201180
201192
201227
201388
201396
201583
201744
201864
201936
201939
202192
202300
202349
202406
202443
202471
202494
202554
202667
202877
202956
202976
203289
203364
203583
203780
203924
204127
204239
204322
204355
204380
204615
204709
204942
205080
205204
205464
205543
205687
205734
205766
205781
205831
205919
205966
206014
206538
206543
206610
206665
206722
206841
206886
206899
206963
207002
207077
207183
207236
207239
207368
207491
207573
207773
207951
207953
208002
208074
208098
208338
208406
208445
208467
208584
208602
208844
208982
208996
209004
209086
209241
209312
209319
209360
209522
209529
209826
210120
210124
210169
210222
210301
210319
210387
210414
210591
210593
210597
210599
210707
210762
210816
210826
210892
211031
211080
211086
211113
211158
211264
211355
211357
211511
211549
211562
211564
211565
211681
211867
211992
212205
212219
212253
212256
212258
212467
212512
212537
212608
212708
212725
212906
212929
213011
213037
213163
213415
213447
213567
213731
213734
213738
213797
214085
214185
214236
214357
214461
214479
214488
214518
214623
214650
214711
215207
215331
215343
215486
215591
215720
215756
215991
216046
216049
216056
216065
216131
216203
216225
216297
216650
216665
216846
217115
217136
217216
217297
217442
217732
217738
217899
218105
218109
218144
218298
218303
218340
218358
218395
218443
218700
218727
218768
218777
218949
219125
219126
219283
219448
219506
219561
219594
219669
219716
219720
219730
219867
219912
219918
219949
220065
220068
220129
220319
220327
220365
220395
220563
220698
220909
221045
221091
221147
221240
221312
221349
221504
221596
221656
221799
221988
222049
222376
222390
222493
222531
222639
222742
222773
222809
222817
222844
222857
222877
223072
223083
223169
223271
223628
223630
223687
223811
223931
223994
224102
224349
224580
224689
224799
224875
224881
224903
224997
225062
225094
225241
225275
225414
225421
225563
225913
225931
226089
226181
226302
226452
226471
226580
226626
226668
226704
226881
226968
227041
227052
227105
227136
227193
227283
227301
227327
227388
227652
227659
227675
227849
227896
227914
227924
227979
227982
228004
228020
228025
228060
228110
228166
228346
228499
228501
228651
228719
228806
228872
228881
228892
228929
229022
229064
229121
229241
229359
229405
229434
229600
229629
229741
229821
229825
230192
230220
230232
230369
230375
230403
230438
230486
230510
230631
230720
230777
230861
231025
231052
231313
231900
231957
231984
232105
232131
232314
232552
232691
232700
232943
232983
232999
233122
233180
233189
233250
233377
233636
233797
233822
233932
234049
234216
234671
234963
234995
235011
235062
235100
235337
235417
235562
235657
235947
235956
235963
236019
236023
236140
236331
236379
236461
236467
236611
236698
236894
236925
237161
237193
237282
237302
237562
237776
238185
238296
238304
238305
238324
238356
238508
239056
239152
239224
239263
239353
239501
239634
239728
239736
239782
240005
240086
240129
240152
240177
240179
240183
240249
240260
240433
240483
240503
240743
240774
241060
241129
241225
241250
241300
241364
241431
241456
241578
241595
241644
241950
241968
241996
242054
242108
242245
242500
242574
242707
242827
242958
242977
243042
243052
243111
243222
243284
243333
243358
243377
243379
243484
243537
243688
243755
243805
243880
243990
244159
244202
244247
244254
244267
244277
244394
244549
244554
244778
244780
244866
244899
245070
245079
245089
245092
245136
245494
245520
245530
245610
245622
245725
245726
245880
245961
246176
246189
246217
246226
246349
246519
246548
246578
246682
246815
246838
246914
246917
246937
246960
247023
247074
247131
247176
247184
247190
247203
247303
247311
247328
247398
247553
247600
247634
247896
248243
248308
248467
248651
248933
248946
248976
249005
249051
249113
249140
249196
249253
249272
249412
249453
249602
249695
249737
249834
250178
250293
250358
250436
250445
250469
250546
250649
250687
250690
250704
250778
250879
251006
251103
251128
251138
251168
251204
251312
251459
251498
251549
251562
251587
251778
251956
252038
252088
252097
252113
252130
252144
252221
252320
252442
252498
252602
252615
252643
252965
252976
253076
253217
253221
253249
253345
253432
253580
253589
253631
253728
253772
253879
253893
254020
254096
254349
254539
254895
254983
255091
255165
255169
255179
255275
255289
255392
255397
255421
255556
255717
255855
256084
256103
256119
256190
256530
256567
256633
256641
256810
256847
256854
256874
257015
257150
257157
257252
257264
257405
257411
257463
257522
257532
257614
257622
257693
257798
257886
257928
257976
258144
258276
258324
258338
258446
258618
258744
258801
258977
259160
259265
259383
259397
259534
259538
259574
259575
259628
259685
259712
259905
260098
260122
260156
260212
260353
260369
260503
260678
260679
261028
261053
261140
261347
261391
261458
261475
261552
261626
261952
261966
262090
262146
262169
262272
262352
262485
262530
262554
262701
262740
262947
263039
263082
263125
263180
263200
263290
263498
263524
263638
263667
263903
264009
264115
264117
264139
264141
264308
264445
264577
264597
264611
264686
264759
264760
265017
265076
265091
265194
265428
265486
265783
265810
265861
266391
266424
266492
266520
266530
266728
266780
266900
267164
267377
267416
267433
267568
267577
267658
268012
268032
268120
268169
268349
268551
268607
268863
268866
268973
269009
269021
269101
269119
269151
269350
269472
269580
269632
269870
269893
269971
270046
270071
270151
270366
270505
270534
270907
270955
270984
271229
271278
271331
271430
271491
271583
271607
271608
271638
271793
271800
271854
271857
271968
272063
272115
272473
272507
272585
272678
272740
272986
273061
273097
273432
273477
273576
273700
273716
273796
273824
273825
273922
273954
273980
274139
274196
274266
274426
274445
274501
274543
274555
274631
274645
274661
274708
274773
274826
274968
275077
275370
275380
275408
275527
275605
275736
275822
275828
276043
276127
276189
276214
276307
276368
276417
276523
276533
276584
276635
276637
276752
276856
276888
277041
277057
277105
277107
277174
277351
277365
277551
277898
277940
277972
277973
278004
278026
278165
278270
278349
278379
278490
278558
278615
278676
278782
278844
278866
279256
279582
280137
280143
280197
280328
280336
280376
280506
280571
280663
281158
281196
281204
281223
281244
281260
281313
281356
281470
281540
281544
281552
281646
281714
281849
281865
281868
281924
281956
281966
281999
282371
282778
282810
282936
282958
282959
283002
283128
283389
283453
283502
283605
283766
283805
283905
283917
283930
284147
284348
284395
284486
284563
284677
284735
284737
284751
284777
284831
284848
284913
284924
285053
285082
285114
285384
285475
285491
285740
285840
285961
286016
286248
286430
286665
286812
286813
286874
286975
287077
287126
287140
287172
287354
287402
287508
287621
287632
287643
287686
287688
287692
287753
288070
288215
288216
288223
288256
288311
288316
288324
288348
288404
288454
288460
288627
288749
288759
288787
288915
289069
289109
289286
289357
289499
289657
289675
289906
290089
290271
290617
290650
290653
290682
290718
290766
290772
290822
290904
290942
290996
291148
291234
291300
291382
291403
291495
291497
291693
291824
291853
292045
292121
292200
292295
292380
292416
292421
292663
292790
292948
292963
293014
293072
293084
293133
293187
293236
293339
293360
293599
293761
293777
293867
293909
293942
293943
293959
294001
294057
294102
294193
294285
294557
294604
294654
294740
294999
295015
295113
295187
295342
295446
295495
295593
295595
295628
295693
295812
295849
295861
295992
296343
296698
296767
296909
297089
297192
297195
297246
297412
297545
297638
297666
297681
297720
297738
297901
298005
298078
298381
298709
298739
298768
298802
298818
298930
298999
299263
299313
299369
299409
299425
299458
299552
299744
299841
299966
299972
299984
300016
300027
300090
300093
300158
300178
300213
300219
300223
300309
300342
300423
300476
300582
300661
300808
300815
300827
300844
300894
300988
301156
301187
301208
301303
301369
301562
301711
301872
301883
301891
302085
302225
302525
302612
302906
303012
303034
303057
303085
303350
303375
303415
303717
303719
303733
303759
303763
303859
304017
304023
304134
304342
304588
304649
304763
304859
304865
304899
304978
305226
305228
305292
305309
305421
305513
305564
305628
305657
305738
305826
305902
305935
306139
306284
306349
306371
306539
306546
306563
306624
306648
306692
306776
306836
307162
307284
307325
307442
307637
307751
307808
307844
307913
308122
308145
308295
308318
308387
308416
308445
308556
308610
308844
308907
308915
309396
309420
309592
309620
309624
309655
309658
309770
309830
309862
309880
309928
310176
310287
310340
310358
310397
310620
310706
310765
310796
310873
310954
310965
311313
311359
311362
311407
311483
311489
311645
311861
311872
312211
312248
312249
312299
312314
312327
312348
312537
312553
312600
312610
312624
312636
312730
312751
312828
312890
313154
313156
313260
313270
313276
313303
313368
313468
313541
313614
313648
313652
313763
314213
314234
314418
314429
314449
314468
314557
314624
314768
314820
314898
315148
315301
315313
315451
315485
315508
315598
315646
315795
315859
315897
316058
316246
316298
316348
316431
316448
316529
316584
316592
316687
316690
316810
316918
316946
317032
317127
317164
317260
317441
317462
317477
317729
317853
317916
318150
318236
318460
318596
318690
318833
318913
318966
319179
319343
319458
319515
319585
319647
319649
319660
319825
319954
320063
320190
320234
320291
320522
320574
320602
320646
320690
320793
320803
321138
321169
321302
321409
321724
321869
321939
321959
322113
322126
322207
322267
322456
323041
323231
323340
323416
323851
323945
323947
324056
324074
324097
324213
324255
324307
324385
324439
324587
324692
324752
324816
324822
325020
325069
325111
325144
325323
325351
325361
325418
325623
325704
325812
326002
326142
326174
326213
326253
326318
326329
326335
326734
326761
326766
326880
326934
327108
327184
327188
327199
327272
327340
327575
327578
327623
327715
327894
327971
328094
328102
328247
328256
328266
328333
328341
328344
328566
328716
328766
328770
328826
328868
328917
328996
329180
329235
329347
329505
329576
329726
329735
329782
330050
330067
330166
330221
330333
330382
330567
330599
330673
330723
330893
331002
331121
331128
331198
331511
331527
331537
331609
331628
331733
331922
332066
332082
332134
332178
332304
332388
332412
332423
332436
332650
332695
332703
332786
332881
333241
333391
333466
333653
333763
333780
334063
334296
334406
334438
334465
334735
334737
334891
335098
335158
335234
335489
335506
335560
335580
335674
335879
336044
336074
336305
336419
336517
336520
336540
336541
336562
336629
336699
336762
336787
336800
336998
337005
337287
337427
337483
337484
337545
337700
337727
337733
337869
337880
337923
337940
338026
338082
338145
338258
338501
338791
338960
339002
339058
339267
339277
339343
339437
339554
339602
339619
339674
339688
340127
340242
340313
340368
340425
340508
340526
340714
340999
341050
341163
341223
341241
341269
341382
341401
341532
341734
341784
341878
341905
341992
342023
342049
342088
342109
342466
342561
342600
342734
342920
343006
343071
343124
343402
343484
343486
343492
343812
343830
343856
343891
343896
343903
343920
343936
344269
344316
344366
344477
344548
344557
344733
344959
345010
345053
345141
345215
345232
345611
345627
345702
345720
345846
346020
346136
346177
346191
346222
346224
346299
346371
346494
346696
346705
346790
346884
346898
346958
346974
347090
347199
347282
347344
347416
347555
347730
347865
348038
348205
348287
348295
348384
348692
348894
348941
348954
349333
349808
349812
349819
349849
349854
349946
350096
350100
350112
350167
350187
350258
350318
350469
350690
350705
350740
350894
351016
351028
351072
351219
351316
351404
351507
351792
351859
351865
352154
352645
352795
352855
352973
353180
353242
353396
353561
353564
353664
353696
353783
353880
354007
354088
354300
354396
354495
354592
354620
354643
354893
354967
355030
355036
355178
355192
355213
355262
355442
355650
355687
355720
355756
355893
355959
355988
356162
356175
356203
356242
356498
356543
356555
356642
356709
356819
357021
357049
357077
357196
357224
357287
357307
357310
357320
357381
357412
357428
357761
357843
357900
357945
357959
358031
358065
358096
358127
358155
358207
358224
358230
358280
358383
358390
358430
358536
358583
358600
358620
358636
359305
359409
359427
359438
359455
359588
359622
359696
359710
359864
359995
360061
360105
360177
360318
360339
360364
360435
360725
360804
360917
360942
361005
361006
361074
361183
361198
361248
361333
361346
361577
361586
361658
361670
361905
361913
362103
362145
362213
362214
362215
362412
362425
362439
362564
362686
362920
362948
363084
363103
363144
363191
363271
363373
363408
363422
363607
363627
363774
363936
364208
364236
364255
364307
364381
364382
364413
364433
364498
364544
364545
364748
364807
364905
365010
365197
365258
365282
365511
365557
365592
365846
365915
365977
366095
366154
366271
366374
366394
366402
366565
366729
366798
366820
366827
367073
367086
367108
367163
367171
367218
367274
367297
367430
367463
367481
367486
367577
367587
367613
367741
367765
367828
367935
367966
368038
368072
368325
368358
368410
368560
368587
368797
368863
368871
368914
368935
368998
369059
369163
369200
369334
369652
369672
369688
370092
370146
370160
370167
370279
370285
370297
370335
370520
370572
370618
370664
370982
371076
371085
371345
371408
371437
371463
371638
371696
371713
371768
371852
372182
372275
372313
372471
372473
372577
372697
372716
372751
372855
372894
372904
372912
372930
373013
373026
373305
373351
373425
373448
373479
373605
373638
373688
373740
373847
373977
374077
374214
374317
374579
374685
374897
374949
375022
375131
375235
375239
375270
375379
375405
375414
375471
375476
375479
375664
375744
375835
375923
375941
375954
375991
376024
376095
376198
376506
376546
376549
376673
376739
376770
376919
377253
377291
377364
377388
377460
377487
377523
377539
377583
377618
377620
377623
377834
377843
377942
377948
377970
378030
378060
378087
378106
378302
378630
378677
378741
378915
379082
379106
379108
379164
379225
379459
379651
379787
379788
379859
379912
379982
380028
380041
380264
380289
380350
380400
380605
380640
380651
380879
380965
380993
381021
381140
381221
381282
381370
381430
381498
381574
381667
381712
381738
381786
381828
381847
381906
382118
382146
382187
382390
382551
383010
383044
383157
383540
383661
383764
384049
384162
384211
384294
384446
384455
384459
384631
384695
384730
384755
384994
385043
385118
385125
385327
385409
385464
385697
385708
385771
385777
385931
385972
386033
386214
386245
386509
386547
386655
386725
386892
387045
387061
387111
387212
387437
387465
387510
387542
387579
387589
387629
387794
388048
388057
388067
388071
388104
388848
389022
389073
389094
389206
389288
389292
389472
389487
389635
389733
389799
389872
389997
390078
390170
390205
390289
390382
390513
390523
390555
390661
390681
390685
390757
390862
390901
391090
391098
391168
391277
391305
391346
391475
391752
391931
391941
392049
392185
392253
392557
392563
392597
392600
392665
392669
392785
392787
392846
393396
393468
393473
393503
393549
393635
393644
393951
394076
394103
394173
394189
394229
394268
394319
394445
394530
394542
394717
394720
394827
394844
394865
394872
394876
394919
394939
394943
394949
394955
395085
395178
395187
395306
395329
395338
395364
395526
395684
395763
395916
396106
396168
396567
396677
396776
396778
396941
396962
397019
397051
397147
397148
397193
397252
397265
397271
397412
397831
397834
398175
398232
398272
398706
398725
398992
399330
399403
399614
399959
400086
400110
400130
400341
400351
400426
400449
400495
400561
400574
400763
400795
400934
400984
401119
401207
401391
401440
401573
401713
401741
401858
401939
402010
402199
402290
402496
402752
402850
403117
403147
403154
403293
403527
403567
403824
403909
403972
404108
404179
404184
404331
404391
404515
404518
404567
404646
404657
404704
404841
404935
404993
405016
405042
405058
405288
405303
405332
405352
405432
405466
405617
405786
405792
405966
406257
406325
406350
406388
406452
406504
406515
406703
406724
406904
407002
407380
407657
407693
407859
408171
408202
408306
408428
408740
408853
408946
408950
408974
408988
409156
409174
409293
409642
409675
409711
409809
409991
410030
410113
410234
410370
410421
410470
410493
410516
410756
410823
410935
411034
411047
411119
411266
411393
411621
411716
411743
411790
412057
412093
412102
412173
412198
412255
412449
412602
412612
412621
412666
412869
412871
412967
413074
413089
413153
413174
413277
413490
413648
413685
413716
413823
413887
414025
414090
414097
414190
414350
414362
414463
414491
414511
414701
414918
414943
415062
415181
415422
415595
415763
415909
416065
416082
416104
416117
416120
416144
416151
416152
416191
416227
416268
416269
416345
416492
416506
416701
416818
416889
416899
416952
416998
417053
417056
417080
417173
417306
417314
417362
417563
417639
417751
417876
417985
417993
418148
418548
418588
418611
418678
418709
418740
418741
418781
418789
418996
419059
419072
419142
419160
419229
419391
419769
419771
419853
419935
419951
420040
420198
420243
420249
420395
420417
420429
420470
420471
420557
420587
420863
420906
421042
421203
421226
421228
421244
421274
421379
421405
421413
421601
421721
421839
421876
422022
422023
422425
422463
422549
422557
422577
422612
422765
422852
422863
422914
422920
423034
423041
423043
423194
423341
423349
423561
423642
423722
423906
424045
424087
424335
424345
424493
424499
424545
424573
424650
424850
425012
425066
425137
425152
425214
425265
425275
425380
425383
425395
425411
425424
425465
425691
425741
425756
425883
425986
426015
426100
426195
426443
426509
427016
427047
427113
427271
427289
427668
427743
427904
427940
428390
428725
428829
428909
428948
429028
429262
429324
429368
429482
429948
429974
430266
430299
430429
430602
430626
430689
430755
430829
431185
431212
431216
431218
431260
431466
431551
431614
431615
431785
432085
432127
432128
432168
432279
432377
432389
432470
432522
432578
432594
432795
432855
433065
433157
433391
433532
433695
433836
433858
433901
434020
434115
434182
434220
434334
434373
434507
434524
434677
434770
434842
435031
435072
435198
435340
435596
435690
435713
435732
435739
435850
435934
436119
436479
436546
436605
436655
436712
436859
436897
436978
437035
437081
437295
437327
437419
437463
437590
437612
437651
437678
437821
437844
437902
438089
438102
438117
438442
438470
438484
438523
438810
438873
438987
439065
439085
439333
439686
439896
439946
440119
440140
440147
440158
440217
440226
440266
440363
440576
440674
440716
440778
440850
440896
440916
441014
441220
441302
441345
441381
441412
441501
441615
441628
441728
441732
441793
441809
441823
441911
441960
442022
442078
442173
442276
442325
442443
442500
442547
442573
442633
442772
442810
442828
442829
442987
442995
442999
443117
443164
443175
443235
443288
443389
443683
443883
444118
444157
444209
444258
444264
444280
444314
444364
444394
444424
444435
444515
444566
444918
444993
445022
445048
445212
445256
445333
445415
445519
445851
445855
445943
445960
446061
446157
446351
446354
446510
446756
446978
447036
447337
447356
447478
447545
447616
447754
447799
447882
447892
447914
447932
447953
447957
447981
448024
448169
448229
448245
448289
448539
448646
448764
448919
449070
449309
449318
449327
449558
449631
449658
449718
449856
449871
449884
449885
450062
450123
450233
450253
450280
450308
450370
450415
450512
450549
450577
450622
450686
450770
450810
450851
450953
450991
451085
451790
451978
452272
452317
452348
452465
452715
452802
452881
452978
452998
453047
453170
453215
453279
453311
453364
453536
453551
453669
453735
453748
453763
453849
453982
454068
454151
454184
454386
454469
454735
454809
454864
454989
455158
455206
455313
455366
455675
455693
455742
455791
455801
455834
455954
456079
456234
456352
456402
456492
456502
456510
456606
456738
456775
456780
456815
456841
456933
456943
456965
456982
457020
457136
457153
457201
457247
457280
457316
457342
457354
457422
457429
457463
457528
457561
457592
457655
457808
457887
457930
458146
458389
458434
458481
458494
458525
458685
458696
458751
458762
458835
459094
459116
459447
459564
459664
459713
459758
459849
459918
460062
460305
460496
460690
460691
460860
460887
460948
461148
461150
461155
461166
461199
461249
461296
461369
461477
461562
461572
461710
461772
462003
462039
462089
462176
462196
462309
462331
462734
462761
462807
462853
462956
462991
463007
463279
463473
463754
463855
463955
463991
464040
464103
464109
464261
464262
464314
464356
464474
464537
465260
465280
465298
465403
465411
465508
465524
465556
465589
465710
465714
465796
465845
465910
465997
466036
466069
466093
466214
466414
466512
466535
466582
466650
466759
466767
466800
466865
466925
466979
467026
467041
467125
467520
467574
467764
467779
468042
468058
468104
468143
468171
468226
468322
468336
468363
468391
468566
468605
468634
468912
468961
469022
469071
469073
469296
469377
469498
469525
469669
469743
469755
469763
469836
469968
470065
470093
470382
470416
470704
470713
470725
470771
470795
470993
471067
471108
471161
471260
471410
471538
471892
471904
471990
472040
472202
472203
472220
472272
472415
472471
472495
472502
472562
472635
472665
472673
472757
472861
472935
473095
473149
473266
473283
473347
473370
473478
473700
473752
473753
473916
473941
474144
474189
474240
474351
474484
474511
474874
475245
475422
475427
475445
475528
475556
475557
475632
475687
475749
475807
476004
476033
476044
476063
476089
476094
476147
476181
476326
476358
476359
476389
476423
476458
476511
476772
476784
476828
476855
476882
476916
476932
476987
477042
477100
477179
477237
477375
477583
477614
477690
477893
477972
478044
478308
478447
478544
478617
478628
478745
478768
478880
479098
479175
479225
479240
479274
479432
479544
479568
479698
479778
479814
479860
479978
480026
480072
480299
480343
480493
480669
480803
480806
480872
480898
481220
481413
481468
481651
481938
482040
482109
482124
482138
482185
482227
482228
482232
482320
482383
482518
482552
482588
482717
482886
482936
482967
482969
483028
483068
483620
483630
483731
483772
483967
484116
484226
484687
484700
484900
485121
485170
485260
485318
485368
485489
485519
485660
485668
485707
485740
485819
486018
486064
486138
486164
486173
486253
486281
486481
486553
486574
487081
487397
487661
487726
487779
487791
487809
487821
487879
488014
488049
488068
488163
488231
488253
488318
488421
488499
488506
488613
488666
488678
488683
488704
488823
488886
488890
489248
489277
489405
489409
489464
489509
489539
489773
489840
489913
490050
490095
490138
490796
490933
491001
491013
491100
491187
491217
491270
491333
491345
491389
491394
491591
491640
491739
491788
491818
491921
492176
492217
492288
492313
492400
492474
492478
492605
492968
493026
493058
493061
493215
493395
493466
493487
493535
493679
493693
493703
493739
493898
494143
494200
494320
494805
494966
495204
495404
495488
495519
495553
495642
495877
495890
496048
496140
496508
496549
496755
496983
497289
497304
497411
497443
497456
497506
497684
497729
497740
497815
497823
497838
497999
498018
498046
498154
498160
498342
498420
498566
498611
498710
498728
498738
498743
498780
498967
499042
499193
499316
499326
499341
499398
499404
499411
499476
499579
499584
499662
499676
499755
499874
500024
500051
500093
500181
500230
500253
500432
500488
500497
500642
500765
500795
501043
501058
501228
501420
501521
501523
501556
501597
501669
501676
501693
501698
501735
501823
502101
502109
502150
502208
502316
502331
502334
502357
502577
502702
502809
502832
503196
503514
503601
503616
503626
503648
504047
504117
504155
504178
504199
504420
504452
504691
504813
505098
505236
505314
505491
505688
505718
505865
505878
506036
506102
506238
506331
506361
506444
506466
506802
506874
506885
507514
507577
507619
507657
507660
507689
508008
508037
508040
508089
508131
508141
508260
508368
508435
508440
508509
508836
509029
509090
509260
509285
509431
509433
509467
509514
509533
509900
510084
510262
510448
510557
510566
510725
510753
510899
510967
511001
511021
511049
511151
511245
511274
511447
511478
511558
511577
511597
511615
511660
511751
511772
511879
511961
512022
512072
512081
512296
512330
512397
512416
512578
512657
512712
512715
512766
513004
513093
513247
513316
513466
513512
513563
513597
513602
513607
513687
513843
513854
513889
513893
514035
514051
514061
514415
514444
514464
514524
514611
514652
514729
514969
515262
515286
515318
515358
515503
515547
515553
515613
515841
516114
516140
516289
516314
516427
516447
516567
516602
516713
516728
516755
517086
517138
517249
517422
517424
517432
517511
517549
517552
517609
517643
517707
517880
517967
518006
518011
518205
518271
518294
518334
518450
518469
518482
518489
518609
518648
518978
519020
519384
519544
519560
519599
519604
519753
519794
519885
519915
519924
520563
520584
520675
520751
520822
520900
520917
521164
521335
521537
521604
521620
521643
521708
521791
521915
522022
522175
522279
522284
522525
522689
522692
522710
522725
522762
522812
522866
523035
523038
523108
523133
523152
523166
523290
523428
523493
523515
523526
523576
523614
523794
523829
523868
524074
524123
524218
524238
524257
524268
524397
524517
524799
524861
525154
525170
525294
525316
525361
525457
525584
525902
525989
526088
526208
526248
527021
527060
527549
527959
528027
528030
528112
528128
528151
528305
528717
528765
528938
529002
529011
529117
529128
529129
529223
529254
529260
529339
529431
529452
529539
529560
529599
529608
529655
529801
530206
530256
530260
530293
530500
530501
530666
530677
530729
530734
531023
531114
531391
531786
531951
531959
531994
532169
532216
532563
532566
532680
532775
532871
532944
532984
533030
533093
533097
533108
533109
533128
533274
533305
533546
533564
533850
534036
534128
534154
534279
534325
534369
534404
534477
534515
534615
534655
534667
534712
534801
534960
534995
535078
535205
535275
535279
535294
535333
535499
535551
535555
535676
535703
535714
535840
535854
536038
536080
536229
536242
536329
536354
536527
536611
536682
536699
536746
536817
536908
536970
537071
537109
537325
537329
537491
537494
537570
537632
537688
537884
537992
538101
538243
538259
538335
538350
538530
538581
538650
538685
539070
539112
539239
539522
539554
539910
539979
540036
540052
540201
540230
540237
540239
540284
540343
540379
540424
540604
540620
540732
540735
540786
540961
541008
541035
541092
541176
541208
541286
541531
541534
541539
541737
541833
542014
542060
542114
542320
542417
542420
542455
542487
542522
542528
542617
542760
542781
542826
542866
542876
543104
543128
543135
543445
543582
543693
543910
543943
544040
544066
544095
544143
544169
544402
544422
544508
544661
544821
544866
544941
544970
545155
545280
545754
545997
546079
546118
546138
546169
546190
546297
546552
546637
546715
546746
547019
547118
547127
547243
547436
547447
547504
547514
547554
547621
547677
547716
547818
547865
547874
547891
547956
548157
548239
548324
548338
548430
548654
548659
548771
548784
548925
548988
549124
549262
549337
549428
549528
549719
549765
549875
549977
550117
550393
550467
550483
550687
550800
550924
550936
551433
551840
551954
551968
551970
552005
552183
552273
552310
552320
552474
552517
552519
552521
552535
552795
552810
552879
552915
552916
552947
552959
552966
552968
552980
553095
553098
553120
553127
553138
553175
553382
553433
553480
553682
553801
553859
553932
553933
553967
554024
554060
554068
554108
554188
554280
554347
554412
554520
554521
554537
554576
554697
554757
554918
554956
554972
555002
555024
555090
555116
555342
555344
555389
555430
555624
555793
555855
556136
556192
556327
556428
556452
556476
556535
556560
556626
556726
556823
556833
556886
556961
556980
557046
557246
557263
557438
557464
557566
557572
557573
557777
557880
557917
558049
558103
558270
558382
558426
558445
558459
558503
558657
558669
558738
558829
558834
558950
559025
559242
559286
559313
559357
559430
559511
559578
559612
559886
559908
559975
560005
560063
560090
560246
560425
560470
560499
560609
560667
560686
560796
560854
561059
561105
561164
561365
561501
561633
561744
561855
562036
562049
562115
562199
562232
562288
562307
562369
562396
562431
562434
562469
562597
562624
562774
562809
562840
562858
562951
563101
563196
563298
563351
563384
563426
563427
563429
563506
563524
563592
563784
563953
564108
564143
564334
564430
564566
564576
564918
565039
565051
565083
565119
565170
565240
565329
565367
565428
565461
565756
565848
565874
565961
566013
566054
566099
566238
566355
566384
566385
566387
566395
566523
566536
566544
566603
566673
566683
566927
566965
567013
567101
567122
567148
567303
567355
567629
567680
567796
567806
567874
567928
567974
568169
568238
568312
568320
568364
568381
568551
568585
568623
568758
568811
569283
569287
569315
569433
569560
569609
569626
569636
569830
569903
570110
570268
570356
570412
570512
570524
570575
570654
570695
570708
570942
570978
571014
571102
571174
571209
571224
571227
571304
571412
571423
571429
571501
571507
571658
571746
571805
571964
572033
572048
572062
572106
572189
572450
572458
572579
572794
572855
572889
572937
572956
573023
573110
573209
573229
573241
573411
573551
573554
573597
573620
573720
573843
573905
574221
574584
574651
574667
574724
574784
574868
574891
574957
574999
575080
575277
575317
575352
575362
575509
575515
575788
575914
575939
576026
576027
576128
576154
576266
576276
576539
576598
576656
576683
576734
576772
576799
576819
576849
576868
576905
576985
577070
577216
577272
577415
577436
577444
577604
577662
577776
577782
577907
577966
578275
578432
578449
578584
578607
578720
578727
579000
579051
579244
579344
579435
579443
579523
579561
579879
579927
579949
580000
580008
580122
580135
580168
580324
580372
580639
580647
580752
580770
580879
580910
580923
581021
581048
581139
581140
581264
581384
581461
581476
581535
581574
581584
581592
581679
581958
581988
582047
582424
582520
582696
582765
582827
582834
583099
583247
583306
583333
583456
583546
583648
583712
583742
583752
583833
584047
584267
584348
584391
584532
584779
584801
584808
584839
584881
584968
585217
585220
585327
585560
585716
585786
585891
585969
585978
586015
586067
586176
586252
586374
586469
586572
586588
586716
587152
587181
587234
587257
587303
587366
587476
587497
587538
587970
588042
588122
588175
588182
588251
588265
588279
588406
588583
588657
588660
588809
588841
588853
588861
588933
589038
589142
589145
589209
589240
589407
589530
589605
589722
589774
589809
590026
590029
590054
590286
590293
590312
590332
590397
590539
590542
590553
590588
590626
590720
591068
591130
591326
591418
591554
591694
591773
592198
592298
592314
592327
592387
592766
592792
593004
593069
593139
593148
593237
593582
593948
594121
594267
594442
594485
594521
594552
594613
594677
594692
594696
594796
594889
594964
595251
595393
595565
595645
595677
595772
595907
595948
596254
596270
596408
596645
596660
596737
596766
597152
597186
597189
597228
597320
597400
597418
597448
597494
597596
597625
597697
597756
597786
597834
597949
597971
598119
598128
598141
598433
598494
598542
598574
598694
598772
598778
598815
598933
599001
599186
599380
599394
599507
599685
599703
599949
600133
600208
600274
600354
600446
600470
600486
600625
600689
600794
600816
601124
601127
601130
601221
601296
601357
601450
601513
601550
601564
601847
601927
601928
601997
602098
602224
602450
602548
602744
602763
602776
602963
602985
603057
603271
603288
603341
603364
603382
603401
603420
603462
603704
603781
603960
604168
604234
604543
604682
604849
604915
604924
604941
604973
605066
605204
605456
605461
605496
605552
605672
605684
605831
605958
606104
606277
606362
606654
606664
606665
606667
606695
606964
607087
607187
607375
607413
607467
607468
607575
607594
607681
607738
607744
607887
608035
608182
608247
608290
608343
608471
608541
608661
608818
609014
609018
609200
609258
609395
609487
609587
609677
609686
609773
609877
610062
610233
610259
610646
610671
610940
611029
611298
611329
611338
611533
611536
611569
611580
611823
611854
611899
612347
612486
612516
612746
612781
612791
612917
612930
613092
613117
613355
613489
613514
613548
613559
613574
613620
613710
614040
614200
614377
614530
614545
614568
614601
614612
614623
614709
614883
614921
615110
615222
615512
615807
616092
616194
616202
616230
616287
616354
616973
616976
617031
617121
617126
617186
617222
617300
617306
617340
617366
617509
617526
617607
617805
618153
618300
618396
618475
618566
618652
618681
618856
618896
618925
619210
619284
619521
619585
619721
619727
619779
619814
619827
619926
620009
620028
620036
620361
620468
620508
620644
620742
620774
621273
621384
621407
621507
621557
622089
622229
622349
622391
622408
622530
622538
622564
622650
622905
623207
623297
623325
623366
623418
623614
623634
623726
623838
623976
624005
624079
624168
624214
624328
624364
624415
624422
624452
624544
624598
624677
625090
625099
625325
625385
625429
625566
625686
625870
625950
626048
626127
626133
626214
626217
626413
626441
626483
626715
626771
627021
627305
627348
627459
627460
627644
627645
628242
628279
628359
628388
628415
628526
628538
628560
628775
628986
629031
629105
629173
629204
629343
629371
629372
629413
629422
629441
629567
629609
629713
629735
629914
629917
629942
629956
630036
630041
630067
630076
630102
630172
630256
630277
630381
630396
630425
630426
630458
630561
630636
630655
630756
630899
631007
631045
631223
631267
631300
631340
631449
631641
631952
632096
632144
632155
632162
632208
632210
632216
632250
632378
632449
632461
632503
632516
632553
632681
632754
632847
632857
632865
633376
633451
633573
633699
633868
633941
634039
634402
634451
634531
634656
634783
634819
634865
634911
634917
634938
634968
635101
635118
635270
635432
635563
635616
635640
635646
635671
635765
635777
636091
636228
636357
636401
636405
636560
636584
636616
636835
636850
637041
637045
637076
637090
637276
637297
637332
637358
637410
637433
637683
637700
637958
638105
638427
638514
638763
638803
638867
639015
639028
639041
639262
639365
639427
639590
639617
639799
640017
640023
640092
640152
640163
640248
640279
640337
640421
640972
641085
641250
641661
641667
641712
642003
642036
642112
642154
642198
642271
642278
642535
642696
642746
642805
642861
642950
642995
643018
643047
643112
643175
643311
643364
643619
643620
643669
643788
643808
643934
643948
644143
644208
644238
644345
644378
644394
644414
644434
644437
644471
644511
644531
644538
644551
644588
644713
644763
644844
644916
644934
644963
645159
645346
645599
645660
646019
646020
646116
646295
646321
646380
646423
646605
646769
647043
647068
647233
647387
647543
647577
647768
647792
647829
647971
647973
648075
648113
648129
648208
648333
648337
648357
648670
648723
648925
648989
649323
649365
649388
649390
649402
649492
649754
649977
650007
650129
650257
650405
650873
650962
651004
651044
651388
651709
651840
651915
651921
652090
652239
652250
652287
652288
652303
652390
652447
652481
652551
652630
652711
652813
652893
652908
653057
653075
653543
653555
653598
653627
653657
653660
653695
653710
653730
653749
653799
654003
654139
654193
654217
654258
654324
654430
654523
654541
654614
654690
654891
654915
654931
654977
655068
655151
655314
655350
655356
655446
655527
655607
655644
655666
655704
655734
655785
655925
655979
656024
656106
656164
656229
656345
656375
656554
656577
656683
656740
656746
656752
656795
657162
657191
657194
657221
657257
657662
657758
657781
657837
657867
658070
658318
658444
658576
658649
658743
658903
659000
659004
659137
659553
659659
659669
659724
659762
659782
659868
659931
660022
660083
660164
660185
660225
660244
660418
660667
660702
660763
660929
660983
661125
661141
661187
661223
661363
661427
661435
661539
661554
661594
661614
661672
661831
661877
661918
661991
662027
662032
662092
662181
662210
662213
662439
662494
662572
662593
662639
662647
662890
663069
663070
663245
663372
663396
663438
663519
663653
663771
663796
664165
664279
664344
664438
664493
664554
664615
664670
664730
664766
664779
664804
664839
664924
665050
665068
665099
665151
665252
665452
665461
665493
665526
665533
665635
665743
665833
665855
665888
665898
665931
666008
666284
666557
666585
666627
666959
666986
667092
667311
667402
667506
667606
667647
667653
667907
667913
667962
668099
668125
668177
668226
668313
668408
668424
668494
668627
668643
668755
668773
668913
669085
669212
669405
669446
669589
669720
669850
669916
669975
670007
670144
670474
670515
670618
671045
671395
671418
671679
671758
671812
671917
672002
672036
672094
672099
672476
672502
672767
672802
672843
673210
673229
673330
673403
673417
673449
673623
673630
673712
674025
674117
674174
674178
674216
674379
674443
674645
674819
674839
674906
674921
675005
675052
675144
675351
675365
675411
675657
675748
675776
675925
675997
676159
676197
676360
676509
676542
676554
676789
676814
676972
677001
677136
677249
677274
677313
677391
677451
677503
677506
677541
677587
677771
678143
678176
678475
678547
678571
678583
678623
678627
678646
678878
679032
679072
679409
679424
679495
679567
679797
679806
679895
679933
679958
679987
680051
680065
680090
680098
680102
680116
680220
680302
680512
680557
680579
680772
680823
680861
680884
680940
681024
681033
681057
681092
681224
681369
681788
681866
681966
681967
682057
682076
682197
682236
682279
682340
682392
682444
682456
682483
682535
682537
682696
682718
682762
682798
682811
682872
682937
683280
683285
683286
683334
683408
683411
683441
683456
683457
683543
683582
683616
683629
683670
683779
683973
684033
684074
684111
684138
684201
684245
684295
684302
684317
684318
684430
684474
684692
684701
684787
684896
684932
685061
685064
685309
685319
685379
685486
685617
685770
685772
685913
685929
686324
686349
686423
686430
686661
686760
686805
686898
686910
687028
687083
687208
687306
687526
687618
687709
687734
687925
687960
687972
688021
688032
688213
688226
688833
688928
688993
689015
689018
689283
689532
689538
689552
689553
689562
689752
689770
689786
689880
689909
689918
690110
690248
690251
690328
690477
690483
690517
690551
690831
690908
690910
691189
691201
691301
691345
691355
691402
691508
691523
691613
691619
691682
691763
691788
691826
691909
691938
692004
692013
692086
692173
692307
692406
692506
692523
692683
692761
692768
692999
693083
693113
693127
693153
693197
693301
693449
693506
693755
693789
693809
693858
693899
693961
693991
694044
694274
694286
694293
694372
694442
694729
694915
695084
695299
695329
695504
695536
695633
695644
695783
695830
696088
696111
696173
696176
696257
696381
696396
696440
696546
696547
696549
696697
696708
696770
696799
696818
696845
696906
696983
697112
697113
697180
697217
697240
697255
697585
697597
697689
697832
697848
697875
697923
697948
698186
698209
698402
698595
698631
698745
698753
699084
699158
699208
699281
699371
699455
699539
699542
699579
700195
700202
700253
700558
700592
700765
700836
701130
701234
701309
701398
701610
701649
701713
701798
701806
701896
701912
702056
702068
702106
702199
702201
702288
702300
702354
702464
702612
702712
702783
702795
702924
702956
702977
703019
703037
703105
703116
703296
703626
703894
703980
704056
704301
704333
704365
704451
704525
704555
704639
705093
705105
705171
705202
705285
705304
705371
705378
705457
705709
706147
706203
706266
706327
706500
706546
706605
706865
706894
706979
707030
707051
707213
707356
707407
707806
707854
707936
707943
708126
708387
708508
709039
709238
709261
709324
709354
709379
709438
709462
709494
709660
709693
709778
709838
709843
709913
709988
709998
710007
710033
710109
710142
710269
710297
710339
710784
710793
710836
710863
710951
710962
710969
710997
711037
711038
711138
711500
711516
711664
711795
711802
711923
712080
712094
712194
712216
712396
712433
712460
712475
712852
712967
713145
713157
713505
713535
713617
713619
713625
713637
713655
713657
713889
713891
713896
713939
714032
714224
714252
714263
714280
714394
714573
714583
714603
714648
714690
714692
714805
714839
714894
714953
714957
715124
715193
715207
715252
715265
715339
715512
715586
715657
715934
715982
716228
716567
716650
716667
716690
716728
716802
716876
716888
716898
716924
716969
717001
717033
717206
717220
717242
717256
717452
717503
717569
717654
717779
718017
718131
718184
718233
718388
718593
718629
718747
718836
718856
719062
719227
719291
719460
719497
719530
719599
719668
719757
719835
719847
719854
719910
719954
720047
720062
720251
720319
720329
720364
720409
720467
720499
720543
720545
720997
721060
721121
721124
721423
721512
721582
721591
721630
721738
721760
721884
722003
722149
722265
722545
722831
722915
722939
723185
723334
723386
723417
723486
723593
723697
723702
723919
723982
724094
724201
724385
724504
724716
724874
724886
724893
725222
725350
725520
725521
725636
725665
725753
725759
725812
726074
726339
726629
726733
726820
726939
727044
727122
727159
727354
727371
727381
727388
727398
727467
727468
727570
727622
727815
727837
727990
728067
728097
728106
728292
728318
728392
728576
728723
728836
728881
728926
728957
729084
729088
729204
729234
729381
729409
729484
729695
729982
730158
730308
730334
730472
730540
730600
730698
730704
730738
730750
730916
731056
731295
731322
731328
731329
731546
731606
731619
731659
731768
731815
732187
732208
732214
732410
732471
732552
732617
732693
732752
732767
732774
732842
732869
732945
733146
733194
733287
733382
733435
733791
733873
733961
734003
734017
734264
734270
734275
734287
734310
734486
734732
734752
734860
734916
735047
735053
735072
735151
735263
735327
735351
735363
735395
735426
735433
735553
735600
735620
735696
735740
735777
735849
736038
736087
736097
736133
736144
736168
736280
736295
736572
736709
736885
736947
737043
737047
737167
737175
737233
737468
737571
737703
737766
737787
737980
738115
738126
738219
738222
738266
738402
738494
738706
738754
738757
738784
739016
739034
739234
739423
739508
739570
739684
739900
740010
740027
740028
740078
740121
740125
740152
740180
740218
740381
740396
740462
740482
740577
740619
740651
740685
740822
740872
740918
741098
741195
741275
741548
741634
741655
741697
741704
741903
742060
742380
742522
742555
742600
742622
742719
742783
742998
743091
743102
743172
743593
744011
744017
744072
744431
744484
744583
744620
744727
744965
745034
745064
745227
745338
745391
745431
745744
745834
745918
745974
745992
746019
746087
746097
746203
746282
746296
746408
746459
746504
746565
746595
746765
746810
746827
746917
747100
747184
747206
747263
747310
747387
747481
747498
747964
748004
748205
748221
748322
748330
748338
748426
748603
748651
748675
748772
748838
748886
748941
749028
749137
749191
749248
749363
749371
749649
749658
749686
749706
749739
749765
750109
750135
750177
750251
750322
750327
750601
750745
750750
751005
751027
751035
751327
751362
751488
751521
751544
751593
751612
751705
751710
751837
751865
751873
751891
752057
752156
752197
752228
752321
752393
752686
752863
752954
753017
753077
753304
753311
753377
753557
753617
753693
753705
753811
753868
753911
753924
754008
754367
754394
754460
754564
754588
754708
754904
754942
754995
755040
755099
755104
755225
755450
755520
755716
755808
755818
755957
756099
756238
756240
756399
756484
756722
756794
757022
757063
757276
757305
757401
757416
757728
757981
758067
758074
758183
758198
758346
758446
758656
758703
758785
758811
758925
758966
759142
759260
759520
759530
759762
759833
759852
759942
760116
760147
760271
760319
760359
760386
760467
760535
760610
760773
760829
760892
760928
761193
761202
761229
761278
761281
761369
761404
761468
761613
761640
761664
761678
761717
761725
761914
762193
762202
762310
762479
762505
762536
762582
762734
762809
762827
762888
762896
763158
763271
763325
763397
763423
763575
763846
764131
764154
764181
764208
764213
764287
764561
764798
765046
765121
765173
765203
765224
765322
765324
765348
765477
765506
765517
765628
765704
765853
765874
766063
766088
766099
766170
766409
766492
766723
766918
767077
767095
767133
767448
767464
767502
767592
767601
767618
767659
767809
767912
767998
768125
768134
768324
768401
768558
768604
768703
768728
768783
768904
768943
768982
769002
769126
769443
769470
769494
769546
769716
769796
769943
770017
770243
770278
770941
771026
771082
771127
771192
771348
771481
771513
771633
771885
771890
771961
771978
771986
772077
772093
772237
772336
772364
772445
772507
772675
772705
772737
772765
772792
772815
772883
772898
773114
773124
773134
773137
773531
773598
773745
773783
773844
773979
774012
774030
774033
774183
774355
774409
774436
774671
774686
774937
775025
775144
775645
775661
775881
775966
775994
776010
776158
776413
776424
776430
776557
776600
776720
776721
776748
776824
777207
777361
777386
777436
777675
777749
777767
777788
778021
778117
778281
778386
778500
778632
778700
778705
778727
778762
778828
778879
778985
779114
779160
779201
779225
779286
779405
779445
779475
779547
779629
779695
779815
779960
779986
780095
780115
780140
780385
780561
780610
780627
780668
780685
780726
780731
780756
780912
780936
781256
781311
781340
781399
781480
781522
781528
781746
781755
781897
781902
781932
781976
781997
782072
782111
782173
782272
782460
782487
783245
783378
783407
783428
783480
783547
783554
783599
783861
784030
784289
784301
784450
784493
784563
784757
784774
784792
784880
785027
785030
785042
785259
785315
785444
785464
785604
785703
785761
785779
785814
786073
786476
786494
786642
786688
786776
786777
787168
787645
787843
787869
787906
788027
788130
788455
788508
788517
788543
788595
788671
788691
789061
789091
789124
789303
789359
789396
789498
789511
789529
789777
789795
789834
789841
789858
789929
789965
789978
790021
790022
790145
790333
790349
790437
790524
790574
790586
790754
790892
790938
790964
790983
791131
791166
791203
791242
791388
791498
791611
791652
791671
791677
791748
791801
791908
791962
792062
792105
792113
792333
792338
792563
792598
792754
792797
793178
793203
793231
793729
793752
793811
793839
793855
793915
794041
794213
794234
794397
794399
794415
794452
794473
794558
794710
794741
794852
794924
794948
794994
795092
795109
795223
795356
795388
795433
795465
795543
795610
795763
795793
795911
795958
796096
796122
796263
796269
796528
796617
796626
796669
796756
796769
796799
797006
797017
797076
797175
797282
797331
797396
797462
797508
797550
798025
798084
798222
798257
798267
798501
798576
798653
798730
798766
798811
798819
798867
799002
799126
799180
799207
799376
799523
799804
799848
799983
800011
800066
800120
800303
800388
800394
800497
800581
800674
800806
800896
801053
801066
801110
801337
801434
801441
801502
801577
801663
801881
801968
801998
802287
802420
802825
802857
802931
803062
803088
803161
803164
803253
803410
803440
803450
803625
803896
804082
804255
804425
804791
804940
805019
805247
805263
805324
805399
805457
805511
805587
805733
805900
805951
805969
806028
806179
806351
806525
806710
806713
806971
807105
807148
807167
807169
807186
807374
807740
807923
808027
808092
808107
808111
808206
808241
808330
808461
808561
808876
808880
808955
808999
809049
809087
809152
809155
809174
809192
809365
809403
809517
809693
809783
809885
810037
810094
810110
810126
810429
810672
810820
810854
810930
810985
811149
811195
811226
811333
811384
811416
811594
811759
811795
811796
811857
811917
811924
812124
812158
812174
812242
812461
812479
812707
812802
812831
812848
812923
812946
813112
813143
813288
813419
813429
813576
813610
813629
813925
813973
813975
814099
814259
814289
814307
814332
814361
814499
814863
814866
815000
815051
815190
815553
815611
815636
815901
815910
815976
816070
816285
816380
816426
816598
816728
816765
816791
816857
816905
816907
817067
817081
817135
817166
817180
817235
817250
817362
817414
817470
817823
817912
817982
818130
818230
818239
818362
818368
818495
818533
818627
818665
818943
818983
819077
819189
819304
819417
819429
819514
819614
819627
819783
819794
819837
819866
819885
819929
819961
820021
820028
820049
820201
820232
820296
820673
820750
820825
820827
820875
820880
821063
821094
821243
821265
821418
821432
821511
821552
821685
821719
821729
821828
822078
822229
822427
822445
822478
822776
822848
822899
822991
823019
823066
823082
823228
823240
823410
823683
824006
824034
824097
824180
824386
824469
824559
824640
824877
825009
825092
825172
825186
825318
825390
825426
825647
825654
825719
826042
826189
826322
826343
826355
826462
826557
826795
826969
827354
827531
827620
827655
827658
827776
827837
827868
827917
828134
828177
828245
828389
828441
828448
828480
828555
828625
828715
829041
829060
829223
829237
829424
829437
829566
829765
829769
829905
830293
830342
830392
830657
830670
830778
830865
831014
831055
831359
831368
831568
831697
831704
832071
832100
832286
832329
832361
832425
832452
832587
832829
833036
833144
833146
833251
833266
833408
833523
833568
833590
833613
833654
833849
833875
833963
833969
833992
834082
834178
834218
834224
834262
834294
834318
834373
834532
834708
834787
834871
835123
835294
835306
835326
835346
835423
835632
835664
835841
835864
835894
835902
835955
835982
836052
836077
836160
836194
836210
836424
836657
836665
836687
836873
837015
837066
837287
837326
837462
837511
837551
837790
837908
837951
837997
838105
838106
838168
838296
838302
838443
838617
838661
838782
838787
839094
839114
839247
839254
839311
839359
839404
839452
839455
839515
839568
839762
839788
839798
839851
839983
840112
840143
840206
840296
840447
840582
840681
840697
840815
840835
840994
841229
841258
841324
841412
841500
841767
841922
841933
842020
842041
842122
842160
842180
842227
842278
842286
842473
842524
842547
842597
842673
842800
842924
843045
843212
843225
843268
843338
843523
843617
843689
843772
843927
843970
843986
844018
844029
844252
844501
844523
844612
844949
844982
845189
845421
845509
845512
845525
845526
845527
845594
845810
845851
845860
845862
845983
845991
846002
846145
846494
846509
846517
846585
846654
846973
847126
847247
847295
847353
847484
847682
847888
848314
848336
848488
848590
848691
848850
849149
849150
849161
849369
849380
849565
849689
849764
849923
850074
850097
850271
850292
850419
850439
850571
850572
850646
850728
850874
850953
851378
851380
851400
851596
851638
851763
851794
851847
851869
852088
852114
852221
852257
852281
852372
852534
852683
853221
853226
853289
853303
853362
853507
853514
853625
853697
853807
853886
853964
854078
854094
854242
854392
854512
854601
854604
854621
854742
855242
855249
855376
855596
855691
855768
855818
855889
855909
855945
856115
856177
856205
856318
856368
856394
856520
856556
856589
856619
856621
856642
856737
856760
856869
856955
856961
856965
856967
857295
857454
857494
857517
857672
857831
857945
858108
858352
858360
858365
858487
858532
858585
858588
858718
858776
858839
858845
858853
858896
858898
859009
859109
859320
859397
859445
859586
859709
859751
859890
859891
859937
859956
859960
859983
859986
860004
860122
860201
860245
860281
860303
860715
860796
860823
861103
861150
861336
861426
861444
861521
861524
861634
861651
861665
861871
862097
862295
862312
862479
862704
862855
862969
863501
863889
863927
864111
864381
864440
864501
864775
865205
865221
865285
865421
865674
865681
865709
866101
866139
866366
866399
866464
866476
866504
866548
866572
866615
866638
866646
866661
866689
866845
866856
867152
867157
867175
867231
867294
867412
867516
867691
867784
867793
867828
867994
868057
868138
868211
868241
868319
868352
868360
868379
868474
868636
868708
868857
868902
868981
869005
869116
869144
869214
869270
869291
869730
869733
869865
870006
870147
870187
870323
870325
870440
870499
870609
870611
870612
870952
871162
871288
871376
871381
871543
871549
871619
871634
871681
871734
871801
871860
872142
872156
872236
872239
872314
872480
872556
872579
872658
872708
872845
872926
872991
873002
873065
873121
873255
873280
873411
873442
873489
873545
873620
873725
873735
873809
873815
874043
874056
874107
874154
874195
874206
874253
874291
874296
874425
874584
874595
874618
874651
874802
874835
874884
874886
874961
875023
875070
875147
875380
875469
875514
875565
875645
875730
875749
875870
875876
875964
875987
876037
876205
876467
876774
876901
876969
877112
877194
877206
877296
877301
877387
877392
877434
877494
877682
877794
877879
877907
878129
878179
878506
878530
878556
878561
878807
878842
878940
878961
878969
879016
879046
879219
879339
879344
879572
879575
879619
879624
879677
879750
879758
879774
880041
880080
880115
880204
880477
880495
880602
880726
880940
881000
881429
881658
881769
881790
881891
881999
882210
882748
882764
882791
882876
882970
883008
883159
883653
883659
883770
883908
884012
884177
884239
884311
884325
884472
884551
884707
884742
884784
884823
884835
884836
885272
885314
885547
885741
885807
885834
885845
886016
886381
886590
886699
886844
886908
886937
887151
887298
887458
887486
887584
887722
887741
887790
887916
888026
888130
888240
888357
888552
888576
888594
888643
888702
888734
888774
888789
888822
888827
888905
888913
888957
889115
889168
889211
889218
889238
889387
889590
889596
889755
889813
889822
890167
890202
890290
890395
890461
890499
890616
890732
890735
890810
890841
890876
890889
890949
891009
891155
891158
891172
891228
891264
891374
891490
891637
891656
891836
891929
892095
892200
892215
892374
892378
892424
892449
892511
892512
892586
892724
892766
892898
892995
893035
893117
893146
893164
893167
893244
893284
893472
893552
893746
893776
893807
893858
893969
894174
894191
894221
894252
894287
894659
894679
894756
894849
894858
895035
895261
895406
895471
895503
895540
895814
895848
895850
895863
895897
895964
896088
896110
896137
896151
896161
896405
896473
896485
896817
896827
896832
897061
897062
897176
897365
897451
897513
897521
897599
897676
897720
897723
897962
898117
898301
898344
898666
898813
898862
899250
899267
899379
899432
899664
899739
899842
899896
899899
899992
899994
900483
900575
900825
901150
901205
901307
901353
901386
901434
901538
901561
901712
901720
901740
901769
901786
901789
901814
902059
902085
902131
902239
902256
902604
902759
902927
903043
903172
903397
903425
903553
903646
903672
903758
903888
903970
903996
904093
904114
904221
904261
904266
904302
904427
904486
904488
904815
904832
904865
905330
905347
905375
905425
905504
905682
905712
905770
905809
905834
906152
906171
906201
906239
906349
906438
906487
906865
907135
907320
907434
907501
907532
907741
907784
908045
908084
908119
908318
908417
908579
908611
908701
908726
909036
909155
909339
909512
909554
909597
909693
909712
909866
909874
909967
909979
910141
910185
910349
910469
910520
910609
910739
910740
910794
910829
910856
910908
910924
911039
911509
911517
911572
911772
911776
911855
912174
912176
912191
912281
912460
912472
912552
912770
912876
913021
913090
913135
913193
913388
913620
913651
913694
913697
913759
913841
913873
913946
913997
914126
914164
914194
914233
914239
914424
914442
914519
914550
914576
914708
914722
914749
914893
915110
915221
915335
915348
915521
915554
915754
915759
915943
915955
916038
916139
916308
916393
916566
916568
916598
916679
916710
916746
916789
916804
916839
916868
916921
916951
917012
917317
917326
917505
917599
917733
917769
917893
918069
918235
918298
918410
918431
918438
918441
918482
918513
918576
918691
918721
918808
918934
919053
919081
919127
919145
919429
919719
919766
919778
919789
919817
919985
920029
920064
920123
920126
920180
920347
920403
920413
920431
920473
920719
920722
920782
921008
921113
921281
921378
921528
921531
921604
921618
921749
921757
921758
921890
921923
922015
922035
922110
922316
922514
922538
922549
922682
922893
922950
923038
923053
923186
923260
923327
923387
923546
923638
923647
923661
923937
923959
924090
924156
924233
924304
924330
924344
924591
924630
924669
924720
924765
924971
925088
925125
925147
925330
925415
925442
925469
925474
925577
925682
925950
926072
926108
926242
926274
926600
926644
926651
926663
926742
926787
926923
926946
926969
926970
927040
927050
927077
927159
927330
927357
927532
927782
927908
928027
928132
928207
928403
928502
928563
928579
928668
928679
928703
928739
928750
928898
929061
929130
929184
929274
929304
929358
929363
929464
929504
929532
929696
929725
929739
929776
929791
930130
930146
930174
930248
930263
930372
930599
930628
930829
930833
930849
930942
930961
930962
931299
931304
931430
931437
931519
931544
931557
931581
931584
931594
931595
931797
931824
932273
932462
932492
932582
932678
932905
932922
932924
932954
933049
933096
933160
933255
933296
933313
933390
933413
933432
933732
933733
933765
933852
933916
933982
934000
934039
934255
934349
934364
934459
934562
934630
934752
934896
934898
935053
935071
935076
935095
935105
935137
935192
935246
935262
935267
935435
935521
935556
935663
935692
935708
935802
935863
935921
936066
936075
936167
936317
936781
936983
937020
937086
937165
937220
937451
937492
937519
937725
937801
937851
937877
938022
938029
938114
938185
938263
938412
938425
938503
938531
938551
938629
938757
938769
938812
938848
938998
939033
939253
939382
939431
939453
939542
939671
939768
939884
939907
939945
939954
940105
940183
940469
940544
940590
940611
940621
940955
940969
940981
941072
941220
941237
941376
941428
941492
941497
941531
941540
941686
941707
941710
941748
941864
941895
941931
941947
942002
942154
942255
942541
942673
942712
942719
942739
942813
942842
942856
943109
943242
943271
943282
943383
943618
943623
943803
943907
943918
944125
944262
944415
944427
944429
944441
944444
944569
944626
944698
944807
944893
945018
945148
945214
945278
945280
945338
945414
945515
945628
945649
945819
945932
946581
946592
946594
946683
946790
946914
946935
947155
947159
947232
947255
947260
947285
947288
947324
947350
947390
947549
947657
947695
947741
947838
947892
947937
948090
948131
948185
948688
948807
948831
948928
949024
949083
949124
949132
949172
949206
949301
949706
949883
949928
949983
950081
950330
950341
950388
950758
950896
950903
951062
951193
951289
951353
951418
951516
951705
951736
951741
951763
951772
951910
952035
952108
952141
952192
952199
952353
952482
952530
952819
953187
953308
953369
953420
953683
953876
954101
954275
954282
954332
954490
954607
954621
954901
954958
955033
955091
955273
955288
955590
955800
955822
956065
956244
956257
956289
956497
956897
956920
956937
957047
957135
957348
957406
957416
957480
957522
957545
957659
957691
957729
957732
957821
957840
957854
958005
958012
958036
958049
958104
958277
958285
958328
958507
958583
958599
958624
958880
958991
959005
959124
959144
959272
959307
959325
959428
959441
959442
959483
959525
959537
959669
960135
960175
960199
960364
960377
960429
960451
960491
960528
960586
961161
961258
961342
961353
961523
961595
961779
961782
961901
961903
961907
961922
961935
962019
962035
962091
962145
962156
962224
962273
962455
962658
962659
962666
962693
962734
962763
962781
962905
963010
963147
963337
963388
963403
963514
963595
963650
963883
963942
963943
964048
964195
964359
964360
964465
964476
964589
964595
964774
965092
965296
965401
965432
965549
965556
965597
965664
965843
965853
965859
966027
966297
966419
966421
966480
966490
966580
966585
966736
966884
966902
966972
966973
967029
967190
967269
967272
967558
967896
968008
968068
968090
968252
968401
968613
968693
968762
968865
968882
969100
969104
969234
969255
969309
969385
969509
969616
969622
969766
969775
970045
970088
970246
970309
970413
970479
970547
970639
970897
971008
971042
971100
971267
971279
971362
971372
971538
971599
971655
971992
972030
972130
972252
972338
972454
972468
972616
972683
972785
972887
973072
973149
973186
973246
973397
973426
973428
973436
973442
973635
973665
973735
973827
973863
974078
974217
974330
974484
974541
974680
974768
974910
975116
975252
975277
975298
975387
975431
975671
975725
975943
975946
976052
976087
976175
976194
976272
976350
976451
976652
976731
976795
976848
976924
977142
977251
977282
977308
977350
977354
977387
977518
977571
977682
977699
977723
977751
977846
977881
977968
978104
978284
978294
978336
978417
978569
978665
978756
978937
979040
979156
979413
979465
979483
979618
979800
980064
980082
980199
980308
980475
980505
980518
980565
980756
980811
981044
981454
981494
981509
981607
981655
981695
981708
981724
981807
981880
982414
982442
982502
982556
982848
982903
982959
982992
982993
983126
983176
983177
983225
983389
983548
983562
983715
983929
983975
984117
984149
984246
984295
984494
984567
984645
984909
984933
984970
985092
985096
985135
985255
985334
985369
985623
985828
985880
986045
986294
986298
986457
986472
986675
987012
987440
987683
987721
987741
987844
987906
987958
988032
988119
988215
988229
988269
988369
988497
988590
988703
988773
988915
988924
988925
989023
989072
989133
989217
989267
989308
989323
989546
989633
989798
989908
990023
990185
990221
990260
990352
990533
990659
990996
991015
991018
991374
991398
991423
991448
991472
991517
991518
991525
991544
991785
991804
991909
991931
991971
991985
992221
992234
992258
992269
992345
992357
992373
992374
992383
992396
992482
992545
992573
992644
992720
992742
992782
992962
993097
993240
993265
993313
993406
993408
993467
993551
993580
993652
993754
993759
993773
994124
994222
994273
994282
994362
994441
994553
994578
994589
994593
994633
994808
994930
994946
994993
995151
995171
995237
995296
995301
995436
995482
995518
995804
995876
995887
995893
995965
996180
996236
996266
996276
996326
996531
996606
996711
996713
996739
996791
996792
996988
996991
997064
997291
997410
997426
997428
997530
997562
997601
997655
997660
997668
997705
997793
997898
997957
998107
998125
998330
998353
998370
998666
998747
998795
999123
999287
999310
999374
999389
999413
999499
999648
999658
999694
999762
999791
999805